12,0
14,1
29,2
48,3
50,4
57,5
75,6
77,7
96,8
113,9
116,10
133,11
136,12
149,13
156,14
168,15
181,16
194,17
202,18
203,19
209,20
219,21
234,22
244,23
256,24
258,25
272,26
288,27
302,28
304,29
324,30
338,31
340,32
351,33
362,34
366,35
376,36
377,37
395,38
415,39
429,40
440,41
452,42
463,43
470,44
471,45
480,46
482,47
501,48
503,49
513,50
516,51
518,52
521,53
523,54
532,55
552,56
558,57
569,58
585,59
605,60
610,61
620,62
622,63
639,64
642,65
653,66
660,67
661,68
671,69
684,70
687,71
700,72
713,73
731,74
738,75
752,76
759,77
762,78
782,79
791,80
796,81
805,82
821,83
841,84
853,85
854,86
869,87
882,88
894,89
899,90
902,91
904,92
906,93
921,94
931,95
947,96
961,97
976,98
996,99
997,100
1014,101
1032,102
1050,103
1061,104
1071,105
1080,106
1093,107
1098,108
1106,109
1114,110
1120,111
1136,112
1150,113
1162,114
1175,115
1187,116
1203,117
1222,118
1236,119
1244,120
1245,121
1250,122
1253,123
1262,124
1277,125
1285,126
1302,127
1310,128
1322,129
1328,130
1338,131
1340,132
1346,133
1352,134
1356,135
1359,136
1363,137
1374,138
1384,139
1398,140
1410,141
1419,142
1426,143
1428,144
1440,145
1445,146
1459,147
1465,148
1470,149
1488,150
1497,151
1511,152
1516,153
1532,154
1541,155
1552,156
1560,157
1568,158
1575,159
1587,160
1588,161
1596,162
1610,163
1618,164
1630,165
1647,166
1660,167
1674,168
1689,169
1697,170
1709,171
1721,172
1738,173
1755,174
1768,175
1771,176
1778,177
1785,178
1793,179
1796,180
1811,181
1814,182
1829,183
1840,184
1855,185
1864,186
1871,187
1887,188
1899,189
1906,190
1920,191
1924,192
1943,193
1944,194
1961,195
1973,196
1979,197
1996,198
2007,199
2019,200
2027,201
2037,202
2049,203
2066,204
2068,205
2081,206
2093,207
2101,208
2103,209
2111,210
2126,211
2136,212
2150,213
2154,214
2158,215
2167,216
2187,217
2201,218
2209,219
2218,220
2237,221
2254,222
2258,223
2269,224
2277,225
2279,226
2294,227
2298,228
2317,229
2330,230
2347,231
2367,232
2368,233
2369,234
2370,235
2387,236
2405,237
2412,238
2431,239
2443,240
2454,241
2460,242
2477,243
2485,244
2503,245
2506,246
2514,247
2522,248
2527,249
2545,250
2555,251
2558,252
2564,253
2574,254
2594,255
2605,256
2619,257
2632,258
2635,259
2637,260
2646,261
2665,262
2683,263
2693,264
2711,265
2727,266
2739,267
2740,268
2748,269
2762,270
2766,271
2781,272
2796,273
2814,274
2829,275
2845,276
2848,277
2867,278
2871,279
2877,280
2881,281
2885,282
2905,283
2915,284
2919,285
2927,286
2934,287
2938,288
2957,289
2961,290
2970,291
2980,292
2984,293
2986,294
2987,295
2988,296
2999,297
3000,298
3006,299
3015,300
3017,301
3033,302
3049,303
3068,304
3069,305
3088,306
3108,307
3116,308
3129,309
3140,310
3150,311
3151,312
3166,313
3169,314
3185,315
3194,316
3210,317
3217,318
3225,319
3242,320
3254,321
3258,322
3264,323
3275,324
3291,325
3292,326
3293,327
3302,328
3305,329
3311,330
3322,331
3341,332
3347,333
3367,334
3378,335
3379,336
3384,337
3395,338
3399,339
3405,340
3425,341
3439,342
3459,343
3463,344
3470,345
3472,346
3476,347
3491,348
3496,349
3514,350
3532,351
3550,352
3569,353
3575,354
3583,355
3597,356
3610,357
3612,358
3613,359
3627,360
3647,361
3649,362
3651,363
3664,364
3669,365
3680,366
3684,367
3695,368
3703,369
3720,370
3725,371
3739,372
3752,373
3762,374
3775,375
3794,376
3811,377
3829,378
3830,379
3842,380
3844,381
3850,382
3859,383
3867,384
3887,385
3891,386
3903,387
3917,388
3919,389
3926,390
3945,391
3964,392
3965,393
3967,394
3970,395
3980,396
3983,397
3996,398
4010,399
4016,400
4029,401
4045,402
4051,403
4060,404
4080,405
4097,406
4112,407
4122,408
4131,409
4141,410
4146,411
4156,412
4165,413
4174,414
4193,415
4212,416
4217,417
4236,418
4237,419
4245,420
4255,421
4261,422
4266,423
4282,424
4300,425
4306,426
4319,427
4326,428
4339,429
4348,430
4362,431
4381,432
4401,433
4402,434
4416,435
4433,436
4442,437
4446,438
4453,439
4472,440
4473,441
4474,442
4490,443
4502,444
4509,445
4511,446
4526,447
4537,448
4557,449
4562,450
4575,451
4591,452
4592,453
4612,454
4614,455
4626,456
4638,457
4656,458
4674,459
4687,460
4701,461
4714,462
4715,463
4727,464
4735,465
4750,466
4767,467
4780,468
4800,469
4813,470
4816,471
4822,472
4827,473
4837,474
4838,475
4846,476
4852,477
4867,478
4887,479
4897,480
4905,481
4910,482
4914,483
4929,484
4947,485
4962,486
4972,487
4982,488
4994,489
5012,490
5025,491
5041,492
5043,493
5056,494
5063,495
5071,496
5073,497
5083,498
5091,499
5099,500
5118,501
5133,502
5135,503
5153,504
5154,505
5162,506
5165,507
5173,508
5182,509
5189,510
5190,511
5204,512
5219,513
5225,514
5238,515
5253,516
5254,517
5260,518
5271,519
5290,520
5306,521
5319,522
5327,523
5336,524
5337,525
5351,526
5354,527
5362,528
5379,529
5395,530
5408,531
5418,532
5432,533
5439,534
5458,535
5460,536
5462,537
5469,538
5471,539
5484,540
5497,541
5511,542
5517,543
5521,544
5541,545
5555,546
5564,547
5576,548
5589,549
5606,550
5623,551
5641,552
5650,553
5666,554
5679,555
5688,556
5702,557
5712,558
5716,559
5735,560
5754,561
5766,562
5778,563
5788,564
5792,565
5798,566
5813,567
5819,568
5835,569
5855,570
5871,571
5874,572
5877,573
5885,574
5897,575
5903,576
5909,577
5918,578
5928,579
5948,580
5959,581
5979,582
5980,583
5987,584
5995,585
6002,586
6015,587
6026,588
6043,589
6046,590
6058,591
6076,592
6086,593
6098,594
6115,595
6129,596
6136,597
6141,598
6146,599
6151,600
6171,601
6189,602
6209,603
6214,604
6219,605
6229,606
6238,607
6240,608
6254,609
6255,610
6265,611
6268,612
6275,613
6280,614
6289,615
6295,616
6303,617
6311,618
6328,619
6341,620
6356,621
6368,622
6378,623
6384,624
6391,625
6398,626
6402,627
6415,628
6422,629
6437,630
6453,631
6461,632
6475,633
6480,634
6499,635
6510,636
6514,637
6526,638
6538,639
6541,640
6548,641
6551,642
6557,643
6573,644
6590,645
6607,646
6615,647
6630,648
6650,649
6656,650
6658,651
6674,652
6692,653
6710,654
6727,655
6744,656
6751,657
6756,658
6766,659
6775,660
6777,661
6790,662
6807,663
6826,664
6844,665
6849,666
6867,667
6882,668
6897,669
6913,670
6919,671
6937,672
6940,673
6947,674
6959,675
6974,676
6990,677
6997,678
7005,679
7024,680
7035,681
7052,682
7068,683
7083,684
7101,685
7106,686
7120,687
7135,688
7139,689
7142,690
7150,691
7154,692
7161,693
7167,694
7176,695
7183,696
7195,697
7211,698
7225,699
7230,700
7233,701
7245,702
7259,703
7267,704
7273,705
7274,706
7284,707
7298,708
7306,709
7325,710
7335,711
7345,712
7358,713
7370,714
7382,715
7401,716
7410,717
7429,718
7436,719
7453,720
7463,721
7470,722
7489,723
7497,724
7500,725
7514,726
7522,727
7534,728
7546,729
7562,730
7564,731
7584,732
7588,733
7594,734
7605,735
7620,736
7628,737
7646,738
7663,739
7672,740
7689,741
7699,742
7705,743
7725,744
7726,745
7744,746
7756,747
7758,748
7772,749
7791,750
7810,751
7814,752
7822,753
7832,754
7834,755
7843,756
7848,757
7850,758
7851,759
7857,760
7873,761
7881,762
7883,763
7891,764
7900,765
7912,766
7931,767
7944,768
7954,769
7961,770
7965,771
7967,772
7974,773
7985,774
7994,775
8004,776
8006,777
8017,778
8034,779
8039,780
8053,781
8063,782
8074,783
8090,784
8100,785
8116,786
8132,787
8137,788
8148,789
8160,790
8173,791
8191,792
8208,793
8217,794
8222,795
8231,796
8243,797
8259,798
8272,799
8291,800
8309,801
8318,802
8336,803
8356,804
8372,805
8388,806
8406,807
8417,808
8426,809
8436,810
8453,811
8459,812
8472,813
8488,814
8492,815
8507,816
8526,817
8542,818
8557,819
8569,820
8579,821
8585,822
8591,823
8598,824
8609,825
8625,826
8626,827
8640,828
8648,829
8657,830
8666,831
8669,832
8688,833
8707,834
8724,835
8738,836
8754,837
8764,838
8782,839
8800,840
8820,841
8836,842
8846,843
8851,844
8868,845
8876,846
8889,847
8909,848
8920,849
8929,850
8945,851
8957,852
8971,853
8981,854
8995,855
9008,856
9020,857
9022,858
9042,859
9047,860
9053,861
9063,862
9079,863
9093,864
9103,865
9115,866
9124,867
9126,868
9138,869
9146,870
9164,871
9168,872
9177,873
9178,874
9179,875
9184,876
9194,877
9210,878
9214,879
9226,880
9233,881
9253,882
9260,883
9267,884
9280,885
9293,886
9296,887
9308,888
9319,889
9333,890
9336,891
9351,892
9362,893
9367,894
9375,895
9388,896
9406,897
9410,898
9422,899
9435,900
9454,901
9458,902
9462,903
9463,904
9477,905
9495,906
9508,907
9515,908
9517,909
9535,910
9554,911
9569,912
9586,913
9603,914
9605,915
9623,916
9636,917
9649,918
9657,919
9662,920
9663,921
9671,922
9681,923
9690,924
9702,925
9710,926
9729,927
9744,928
9748,929
9752,930
9761,931
9779,932
9786,933
9802,934
9818,935
9824,936
9838,937
9858,938
9859,939
9873,940
9877,941
9886,942
9901,943
9907,944
9927,945
9942,946
9951,947
9970,948
9980,949
9989,950
10008,951
10016,952
10027,953
10032,954
10038,955
10051,956
10063,957
10069,958
10084,959
10087,960
10104,961
10108,962
10115,963
10119,964
10125,965
10139,966
10155,967
10175,968
10181,969
10182,970
10189,971
10201,972
10217,973
10235,974
10239,975
10242,976
10253,977
10266,978
10272,979
10274,980
10293,981
10304,982
10307,983
10311,984
10321,985
10324,986
10334,987
10341,988
10356,989
10366,990
10372,991
10375,992
10379,993
10397,994
10413,995
10414,996
10428,997
10430,998
10450,999
