12,0
14,1
29,2
48,3
50,4
57,5
75,6
77,7
96,8
113,9
116,10
133,11
136,12
149,13
156,14
168,15
181,16
194,17
202,18
203,19
209,20
219,21
234,22
244,23
256,24
258,25
272,26
288,27
302,28
304,29
324,30
338,31
340,32
351,33
362,34
366,35
376,36
377,37
395,38
415,39
429,40
440,41
452,42
463,43
470,44
471,45
480,46
482,47
501,48
503,49
513,50
516,51
518,52
521,53
523,54
532,55
552,56
558,57
569,58
585,59
605,60
610,61
620,62
622,63
639,64
642,65
653,66
660,67
661,68
671,69
684,70
687,71
700,72
713,73
731,74
738,75
752,76
759,77
762,78
782,79
791,80
796,81
805,82
821,83
841,84
853,85
854,86
869,87
882,88
894,89
899,90
902,91
904,92
906,93
921,94
931,95
947,96
961,97
976,98
996,99
997,100
1014,101
1032,102
1050,103
1061,104
1071,105
1080,106
1093,107
1098,108
1106,109
1114,110
1120,111
1136,112
1150,113
1162,114
1175,115
1187,116
1203,117
1222,118
1236,119
1244,120
1245,121
1250,122
1253,123
1262,124
1277,125
1285,126
1302,127
1310,128
1322,129
1328,130
1338,131
1340,132
1346,133
1352,134
1356,135
1359,136
1363,137
1374,138
1384,139
1398,140
1410,141
1419,142
1426,143
1428,144
1440,145
1445,146
1459,147
1465,148
1470,149
1488,150
1497,151
1511,152
1516,153
1532,154
1541,155
1552,156
1560,157
1568,158
1575,159
1587,160
1588,161
1596,162
1610,163
1618,164
1630,165
1647,166
1660,167
1674,168
1689,169
1697,170
1709,171
1721,172
1738,173
1755,174
1768,175
1771,176
1778,177
1785,178
1793,179
1796,180
1811,181
1814,182
1829,183
1840,184
1855,185
1864,186
1871,187
1887,188
1899,189
1906,190
1920,191
1924,192
1943,193
1944,194
1961,195
1973,196
1979,197
1996,198
2007,199
2019,200
2027,201
2037,202
2049,203
2066,204
2068,205
2081,206
2093,207
2101,208
2103,209
2111,210
2126,211
2136,212
2150,213
2154,214
2158,215
2167,216
2187,217
2201,218
2209,219
2218,220
2237,221
2254,222
2258,223
2269,224
2277,225
2279,226
2294,227
2298,228
2317,229
2330,230
2347,231
2367,232
2368,233
2369,234
2370,235
2387,236
2405,237
2412,238
2431,239
2443,240
2454,241
2460,242
2477,243
2485,244
2503,245
2506,246
2514,247
2522,248
2527,249
2545,250
2555,251
2558,252
2564,253
2574,254
2594,255
2605,256
2619,257
2632,258
2635,259
2637,260
2646,261
2665,262
2683,263
2693,264
2711,265
2727,266
2739,267
2740,268
2748,269
2762,270
2766,271
2781,272
2796,273
2814,274
2829,275
2845,276
2848,277
2867,278
2871,279
2877,280
2881,281
2885,282
2905,283
2915,284
2919,285
2927,286
2934,287
2938,288
2957,289
2961,290
2970,291
2980,292
2984,293
2986,294
2987,295
2988,296
2999,297
3000,298
3006,299
3015,300
3017,301
3033,302
3049,303
3068,304
3069,305
3088,306
3108,307
3116,308
3129,309
3140,310
3150,311
3151,312
3166,313
3169,314
3185,315
3194,316
3210,317
3217,318
3225,319
3242,320
3254,321
3258,322
3264,323
3275,324
3291,325
3292,326
3293,327
3302,328
3305,329
3311,330
3322,331
3341,332
3347,333
3367,334
3378,335
3379,336
3384,337
3395,338
3399,339
3405,340
3425,341
3439,342
3459,343
3463,344
3470,345
3472,346
3476,347
3491,348
3496,349
3514,350
3532,351
3550,352
3569,353
3575,354
3583,355
3597,356
3610,357
3612,358
3613,359
3627,360
3647,361
3649,362
3651,363
3664,364
3669,365
3680,366
3684,367
3695,368
3703,369
3720,370
3725,371
3739,372
3752,373
3762,374
3775,375
3794,376
3811,377
3829,378
3830,379
3842,380
3844,381
3850,382
3859,383
3867,384
3887,385
3891,386
3903,387
3917,388
3919,389
3926,390
3945,391
3964,392
3965,393
3967,394
3970,395
3980,396
3983,397
3996,398
4010,399
4016,400
4029,401
4045,402
4051,403
4060,404
4080,405
4097,406
4112,407
4122,408
4131,409
4141,410
4146,411
4156,412
4165,413
4174,414
4193,415
4212,416
4217,417
4236,418
4237,419
4245,420
4255,421
4261,422
4266,423
4282,424
4300,425
4306,426
4319,427
4326,428
4339,429
4348,430
4362,431
4381,432
4401,433
4402,434
4416,435
4433,436
4442,437
4446,438
4453,439
4472,440
4473,441
4474,442
4490,443
4502,444
4509,445
4511,446
4526,447
4537,448
4557,449
4562,450
4575,451
4591,452
4592,453
4612,454
4614,455
4626,456
4638,457
4656,458
4674,459
4687,460
4701,461
4714,462
4715,463
4727,464
4735,465
4750,466
4767,467
4780,468
4800,469
4813,470
4816,471
4822,472
4827,473
4837,474
4838,475
4846,476
4852,477
4867,478
4887,479
4897,480
4905,481
4910,482
4914,483
4929,484
4947,485
4962,486
4972,487
4982,488
4994,489
5012,490
5025,491
5041,492
5043,493
5056,494
5063,495
5071,496
5073,497
5083,498
5091,499
5099,500
5118,501
5133,502
5135,503
5153,504
5154,505
5162,506
5165,507
5173,508
5182,509
5189,510
5190,511
5204,512
5219,513
5225,514
5238,515
5253,516
5254,517
5260,518
5271,519
5290,520
5306,521
5319,522
5327,523
5336,524
5337,525
5351,526
5354,527
5362,528
5379,529
5395,530
5408,531
5418,532
5432,533
5439,534
5458,535
5460,536
5462,537
5469,538
5471,539
5484,540
5497,541
5511,542
5517,543
5521,544
5541,545
5555,546
5564,547
5576,548
5589,549
5606,550
5623,551
5641,552
5650,553
5666,554
5679,555
5688,556
5702,557
5712,558
5716,559
5735,560
5754,561
5766,562
5778,563
5788,564
5792,565
5798,566
5813,567
5819,568
5835,569
5855,570
5871,571
5874,572
5877,573
5885,574
5897,575
5903,576
5909,577
5918,578
5928,579
5948,580
5959,581
5979,582
5980,583
5987,584
5995,585
6002,586
6015,587
6026,588
6043,589
6046,590
6058,591
6076,592
6086,593
6098,594
6115,595
6129,596
6136,597
6141,598
6146,599
6151,600
6171,601
6189,602
6209,603
6214,604
6219,605
6229,606
6238,607
6240,608
6254,609
6255,610
6265,611
6268,612
6275,613
6280,614
6289,615
6295,616
6303,617
6311,618
6328,619
6341,620
6356,621
6368,622
6378,623
6384,624
6391,625
6398,626
6402,627
6415,628
6422,629
6437,630
6453,631
6461,632
6475,633
6480,634
6499,635
6510,636
6514,637
6526,638
6538,639
6541,640
6548,641
6551,642
6557,643
6573,644
6590,645
6607,646
6615,647
6630,648
6650,649
6656,650
6658,651
6674,652
6692,653
6710,654
6727,655
6744,656
6751,657
6756,658
6766,659
6775,660
6777,661
6790,662
6807,663
6826,664
6844,665
6849,666
6867,667
6882,668
6897,669
6913,670
6919,671
6937,672
6940,673
6947,674
6959,675
6974,676
6990,677
6997,678
7005,679
7024,680
7035,681
7052,682
7068,683
7083,684
7101,685
7106,686
7120,687
7135,688
7139,689
7142,690
7150,691
7154,692
7161,693
7167,694
7176,695
7183,696
7195,697
7211,698
7225,699
7230,700
7233,701
7245,702
7259,703
7267,704
7273,705
7274,706
7284,707
7298,708
7306,709
7325,710
7335,711
7345,712
7358,713
7370,714
7382,715
7401,716
7410,717
7429,718
7436,719
7453,720
7463,721
7470,722
7489,723
7497,724
7500,725
7514,726
7522,727
7534,728
7546,729
7562,730
7564,731
7584,732
7588,733
7594,734
7605,735
7620,736
7628,737
7646,738
7663,739
7672,740
7689,741
7699,742
7705,743
7725,744
7726,745
7744,746
7756,747
7758,748
7772,749
7791,750
7810,751
7814,752
7822,753
7832,754
7834,755
7843,756
7848,757
7850,758
7851,759
7857,760
7873,761
7881,762
7883,763
7891,764
7900,765
7912,766
7931,767
7944,768
7954,769
7961,770
7965,771
7967,772
7974,773
7985,774
7994,775
8004,776
8006,777
8017,778
8034,779
8039,780
8053,781
8063,782
8074,783
8090,784
8100,785
8116,786
8132,787
8137,788
8148,789
8160,790
8173,791
8191,792
8208,793
8217,794
8222,795
8231,796
8243,797
8259,798
8272,799
8291,800
8309,801
8318,802
8336,803
8356,804
8372,805
8388,806
8406,807
8417,808
8426,809
8436,810
8453,811
8459,812
8472,813
8488,814
8492,815
8507,816
8526,817
8542,818
8557,819
8569,820
8579,821
8585,822
8591,823
8598,824
8609,825
8625,826
8626,827
8640,828
8648,829
8657,830
8666,831
8669,832
8688,833
8707,834
8724,835
8738,836
8754,837
8764,838
8782,839
8800,840
8820,841
8836,842
8846,843
8851,844
8868,845
8876,846
8889,847
8909,848
8920,849
8929,850
8945,851
8957,852
8971,853
8981,854
8995,855
9008,856
9020,857
9022,858
9042,859
9047,860
9053,861
9063,862
9079,863
9093,864
9103,865
9115,866
9124,867
9126,868
9138,869
9146,870
9164,871
9168,872
9177,873
9178,874
9179,875
9184,876
9194,877
9210,878
9214,879
9226,880
9233,881
9253,882
9260,883
9267,884
9280,885
9293,886
9296,887
9308,888
9319,889
9333,890
9336,891
9351,892
9362,893
9367,894
9375,895
9388,896
9406,897
9410,898
9422,899
9435,900
9454,901
9458,902
9462,903
9463,904
9477,905
9495,906
9508,907
9515,908
9517,909
9535,910
9554,911
9569,912
9586,913
9603,914
9605,915
9623,916
9636,917
9649,918
9657,919
9662,920
9663,921
9671,922
9681,923
9690,924
9702,925
9710,926
9729,927
9744,928
9748,929
9752,930
9761,931
9779,932
9786,933
9802,934
9818,935
9824,936
9838,937
9858,938
9859,939
9873,940
9877,941
9886,942
9901,943
9907,944
9927,945
9942,946
9951,947
9970,948
9980,949
9989,950
10008,951
10016,952
10027,953
10032,954
10038,955
10051,956
10063,957
10069,958
10084,959
10087,960
10104,961
10108,962
10115,963
10119,964
10125,965
10139,966
10155,967
10175,968
10181,969
10182,970
10189,971
10201,972
10217,973
10235,974
10239,975
10242,976
10253,977
10266,978
10272,979
10274,980
10293,981
10304,982
10307,983
10311,984
10321,985
10324,986
10334,987
10341,988
10356,989
10366,990
10372,991
10375,992
10379,993
10397,994
10413,995
10414,996
10428,997
10430,998
10450,999
10468,1000
10475,1001
10477,1002
10487,1003
10497,1004
10513,1005
10514,1006
10526,1007
10546,1008
10549,1009
10558,1010
10573,1011
10580,1012
10586,1013
10594,1014
10608,1015
10621,1016
10639,1017
10657,1018
10665,1019
10670,1020
10677,1021
10686,1022
10691,1023
10701,1024
10707,1025
10727,1026
10736,1027
10742,1028
10753,1029
10755,1030
10773,1031
10791,1032
10810,1033
10827,1034
10832,1035
10837,1036
10838,1037
10841,1038
10854,1039
10860,1040
10874,1041
10885,1042
10896,1043
10897,1044
10916,1045
10936,1046
10956,1047
10959,1048
10960,1049
10964,1050
10979,1051
10993,1052
11000,1053
11004,1054
11016,1055
11032,1056
11044,1057
11056,1058
11068,1059
11082,1060
11087,1061
11094,1062
11113,1063
11114,1064
11115,1065
11119,1066
11139,1067
11147,1068
11151,1069
11153,1070
11158,1071
11162,1072
11174,1073
11176,1074
11187,1075
11201,1076
11217,1077
11234,1078
11254,1079
11259,1080
11265,1081
11267,1082
11275,1083
11290,1084
11296,1085
11299,1086
11308,1087
11313,1088
11323,1089
11328,1090
11330,1091
11350,1092
11363,1093
11375,1094
11383,1095
11395,1096
11396,1097
11398,1098
11409,1099
11416,1100
11436,1101
11445,1102
11458,1103
11470,1104
11476,1105
11495,1106
11515,1107
11532,1108
11542,1109
11549,1110
11552,1111
11567,1112
11575,1113
11586,1114
11604,1115
11607,1116
11617,1117
11633,1118
11650,1119
11658,1120
11675,1121
11691,1122
11704,1123
11716,1124
11718,1125
11719,1126
11733,1127
11737,1128
11751,1129
11755,1130
11768,1131
11787,1132
11803,1133
11813,1134
11822,1135
11837,1136
11838,1137
11839,1138
11854,1139
11870,1140
11881,1141
11896,1142
11915,1143
11935,1144
11938,1145
11955,1146
11966,1147
11974,1148
11979,1149
11999,1150
12019,1151
12034,1152
12043,1153
12047,1154
12060,1155
12063,1156
12070,1157
12071,1158
12084,1159
12098,1160
12118,1161
12122,1162
12142,1163
12148,1164
12162,1165
12167,1166
12179,1167
12184,1168
12185,1169
12203,1170
12206,1171
12213,1172
12216,1173
12219,1174
12230,1175
12245,1176
12256,1177
12271,1178
12277,1179
12288,1180
12289,1181
12303,1182
12317,1183
12330,1184
12346,1185
12348,1186
12349,1187
12358,1188
12361,1189
12375,1190
12380,1191
12400,1192
12401,1193
12419,1194
12439,1195
12440,1196
12443,1197
12462,1198
12472,1199
12473,1200
12479,1201
12480,1202
12494,1203
12513,1204
12524,1205
12542,1206
12558,1207
12567,1208
12570,1209
12580,1210
12584,1211
12593,1212
12607,1213
12610,1214
12628,1215
12638,1216
12653,1217
12666,1218
12667,1219
12675,1220
12687,1221
12704,1222
12707,1223
12715,1224
12728,1225
12738,1226
12746,1227
12758,1228
12775,1229
12782,1230
12791,1231
12792,1232
12811,1233
12815,1234
12821,1235
12836,1236
12848,1237
12854,1238
12867,1239
12873,1240
12886,1241
12899,1242
12901,1243
12910,1244
12919,1245
12923,1246
12939,1247
12943,1248
12946,1249
12955,1250
12958,1251
12977,1252
12981,1253
12982,1254
12991,1255
12996,1256
13015,1257
13022,1258
13035,1259
13055,1260
13065,1261
13075,1262
13076,1263
13080,1264
13087,1265
13094,1266
13097,1267
13104,1268
13118,1269
13134,1270
13139,1271
13157,1272
13160,1273
13177,1274
13180,1275
13198,1276
13201,1277
13212,1278
13230,1279
13234,1280
13250,1281
13268,1282
13282,1283
13297,1284
13303,1285
13320,1286
13331,1287
13344,1288
13359,1289
13376,1290
13380,1291
13400,1292
13404,1293
13422,1294
13439,1295
13445,1296
13465,1297
13467,1298
13472,1299
13475,1300
13486,1301
13502,1302
13510,1303
13514,1304
13534,1305
13546,1306
13557,1307
13565,1308
13575,1309
13591,1310
13611,1311
13621,1312
13635,1313
13639,1314
13640,1315
13650,1316
13664,1317
13673,1318
13693,1319
13707,1320
13725,1321
13742,1322
13750,1323
13761,1324
13774,1325
13784,1326
13794,1327
13810,1328
13813,1329
13823,1330
13824,1331
13836,1332
13852,1333
13856,1334
13870,1335
13873,1336
13888,1337
13903,1338
13918,1339
13931,1340
13936,1341
13949,1342
13966,1343
13975,1344
13983,1345
13986,1346
13998,1347
14002,1348
14014,1349
14022,1350
14035,1351
14051,1352
14054,1353
14061,1354
14075,1355
14092,1356
14112,1357
14122,1358
14134,1359
14136,1360
14155,1361
14164,1362
14173,1363
14185,1364
14198,1365
14199,1366
14217,1367
14229,1368
14238,1369
14245,1370
14263,1371
14271,1372
14280,1373
14293,1374
14295,1375
14302,1376
14309,1377
14312,1378
14315,1379
14324,1380
14338,1381
14352,1382
14353,1383
14367,1384
14379,1385
14381,1386
14398,1387
14405,1388
14419,1389
14437,1390
14449,1391
14462,1392
14477,1393
14482,1394
14490,1395
14500,1396
14503,1397
14512,1398
14518,1399
14528,1400
14532,1401
14549,1402
14554,1403
14566,1404
14581,1405
14599,1406
14605,1407
14606,1408
14611,1409
14619,1410
14633,1411
14651,1412
14670,1413
14690,1414
14704,1415
14706,1416
14722,1417
14732,1418
14734,1419
14737,1420
14738,1421
14739,1422
14743,1423
14759,1424
14777,1425
14784,1426
14799,1427
14814,1428
14827,1429
14834,1430
14844,1431
14855,1432
14861,1433
14877,1434
14896,1435
14916,1436
14919,1437
14933,1438
14939,1439
14958,1440
14970,1441
14972,1442
14987,1443
14998,1444
15001,1445
15021,1446
15024,1447
15036,1448
15044,1449
15064,1450
15069,1451
15073,1452
15091,1453
15111,1454
15127,1455
15133,1456
15138,1457
15146,1458
15158,1459
15168,1460
15183,1461
15196,1462
15207,1463
15211,1464
15216,1465
15232,1466
15244,1467
15259,1468
15260,1469
15276,1470
15287,1471
15302,1472
15309,1473
15325,1474
15345,1475
15347,1476
15352,1477
15366,1478
15380,1479
15392,1480
15406,1481
15412,1482
15416,1483
15427,1484
15444,1485
15456,1486
15475,1487
15487,1488
15491,1489
15509,1490
15514,1491
15529,1492
15543,1493
15557,1494
15562,1495
15569,1496
15580,1497
15588,1498
15590,1499
15598,1500
15606,1501
15613,1502
15616,1503
15623,1504
15641,1505
15661,1506
15671,1507
15676,1508
15679,1509
15699,1510
15718,1511
15732,1512
15743,1513
15758,1514
15769,1515
15778,1516
15781,1517
15793,1518
15794,1519
15808,1520
15814,1521
15820,1522
15821,1523
15823,1524
15836,1525
15851,1526
15861,1527
15869,1528
15887,1529
15905,1530
15924,1531
15942,1532
15954,1533
15969,1534
15974,1535
15988,1536
16003,1537
16014,1538
16031,1539
16048,1540
16054,1541
16060,1542
16062,1543
16065,1544
16075,1545
16091,1546
16097,1547
16107,1548
16126,1549
16136,1550
16137,1551
16144,1552
16153,1553
16158,1554
16170,1555
16184,1556
16185,1557
16199,1558
16216,1559
16224,1560
16235,1561
16242,1562
16244,1563
16245,1564
16262,1565
16269,1566
16285,1567
16295,1568
16299,1569
16305,1570
16309,1571
16324,1572
16342,1573
16362,1574
16380,1575
16386,1576
16387,1577
16398,1578
16407,1579
16411,1580
16429,1581
16441,1582
16446,1583
16454,1584
16460,1585
16478,1586
16483,1587
16501,1588
16512,1589
16513,1590
16530,1591
16546,1592
16547,1593
16560,1594
16572,1595
16578,1596
16587,1597
16607,1598
16622,1599
16635,1600
16647,1601
16667,1602
16674,1603
16692,1604
16705,1605
16720,1606
16732,1607
16745,1608
16754,1609
16766,1610
16778,1611
16791,1612
16811,1613
16821,1614
16831,1615
16832,1616
16836,1617
16849,1618
16855,1619
16868,1620
16870,1621
16887,1622
16904,1623
16907,1624
16914,1625
16923,1626
16939,1627
16955,1628
16966,1629
16985,1630
17005,1631
17012,1632
17017,1633
17021,1634
17035,1635
17039,1636
17055,1637
17064,1638
17078,1639
17098,1640
17110,1641
17111,1642
17129,1643
17130,1644
17141,1645
17148,1646
17163,1647
17164,1648
17171,1649
17183,1650
17188,1651
17204,1652
17220,1653
17221,1654
17231,1655
17238,1656
17250,1657
17261,1658
17274,1659
17290,1660
17302,1661
17321,1662
17326,1663
17328,1664
17338,1665
17350,1666
17364,1667
17368,1668
17388,1669
17399,1670
17407,1671
17427,1672
17432,1673
17434,1674
17444,1675
17446,1676
17459,1677
17479,1678
17492,1679
17504,1680
17515,1681
17534,1682
17539,1683
17556,1684
17561,1685
17572,1686
17573,1687
17579,1688
17594,1689
17602,1690
17609,1691
17616,1692
17620,1693
17629,1694
17639,1695
17659,1696
17660,1697
17672,1698
17673,1699
17685,1700
17694,1701
17713,1702
17718,1703
17722,1704
17738,1705
17740,1706
17753,1707
17766,1708
17772,1709
17775,1710
17793,1711
17794,1712
17806,1713
17826,1714
17843,1715
17860,1716
17872,1717
17885,1718
17891,1719
17896,1720
17916,1721
17926,1722
17946,1723
17962,1724
17972,1725
17981,1726
17993,1727
18009,1728
18021,1729
18039,1730
18052,1731
18072,1732
18088,1733
18104,1734
18121,1735
18141,1736
18152,1737
18166,1738
18179,1739
18181,1740
18199,1741
18210,1742
18230,1743
18231,1744
18235,1745
18240,1746
18259,1747
18268,1748
18283,1749
18286,1750
18288,1751
18291,1752
18309,1753
18315,1754
18330,1755
18346,1756
18363,1757
18365,1758
18376,1759
18382,1760
18391,1761
18396,1762
18411,1763
18425,1764
18427,1765
18438,1766
18455,1767
18465,1768
18476,1769
18491,1770
18497,1771
18509,1772
18529,1773
18546,1774
18554,1775
18566,1776
18579,1777
18591,1778
18609,1779
18619,1780
18621,1781
18632,1782
18651,1783
18654,1784
18668,1785
18680,1786
18683,1787
18689,1788
18695,1789
18699,1790
18700,1791
18714,1792
18725,1793
18739,1794
18758,1795
18760,1796
18773,1797
18778,1798
18785,1799
18787,1800
18803,1801
18807,1802
18813,1803
18822,1804
18828,1805
18841,1806
18854,1807
18873,1808
18874,1809
18876,1810
18887,1811
18905,1812
18916,1813
18929,1814
18949,1815
18951,1816
18952,1817
18958,1818
18974,1819
18988,1820
19008,1821
19017,1822
19019,1823
19036,1824
19042,1825
19043,1826
19056,1827
19065,1828
19074,1829
19084,1830
19085,1831
19100,1832
19103,1833
19119,1834
19121,1835
19137,1836
19143,1837
19147,1838
19166,1839
19181,1840
19185,1841
19202,1842
19217,1843
19232,1844
19250,1845
19262,1846
19271,1847
19281,1848
19287,1849
19292,1850
19299,1851
19309,1852
19319,1853
19322,1854
19334,1855
19338,1856
19342,1857
19344,1858
19356,1859
19367,1860
19379,1861
19393,1862
19399,1863
19406,1864
19412,1865
19426,1866
19437,1867
19441,1868
19451,1869
19459,1870
19471,1871
19488,1872
19500,1873
19510,1874
19525,1875
19527,1876
19541,1877
19551,1878
19566,1879
19578,1880
19585,1881
19603,1882
19618,1883
19633,1884
19644,1885
19645,1886
19661,1887
19674,1888
19687,1889
19698,1890
19705,1891
19710,1892
19719,1893
19731,1894
19733,1895
19751,1896
19758,1897
19775,1898
19781,1899
19787,1900
19800,1901
19819,1902
19836,1903
19837,1904
19849,1905
19858,1906
19875,1907
19878,1908
19891,1909
19906,1910
19918,1911
19923,1912
19940,1913
19958,1914
19977,1915
19990,1916
20007,1917
20019,1918
20035,1919
20042,1920
20043,1921
20052,1922
20058,1923
20071,1924
20083,1925
20084,1926
20101,1927
20115,1928
20119,1929
20131,1930
20141,1931
20146,1932
20164,1933
20182,1934
20200,1935
20220,1936
20236,1937
20253,1938
20257,1939
20263,1940
20272,1941
20287,1942
20303,1943
20308,1944
20323,1945
20331,1946
20344,1947
20364,1948
20368,1949
20386,1950
20401,1951
20419,1952
20425,1953
20436,1954
20447,1955
20463,1956
20480,1957
20488,1958
20496,1959
20511,1960
20529,1961
20531,1962
20547,1963
20549,1964
20550,1965
20557,1966
20573,1967
20575,1968
20591,1969
20598,1970
20614,1971
20620,1972
20626,1973
20641,1974
20661,1975
20668,1976
20675,1977
20677,1978
20681,1979
20686,1980
20706,1981
20716,1982
20731,1983
20747,1984
20762,1985
20779,1986
20790,1987
20793,1988
20804,1989
20806,1990
20807,1991
20826,1992
20838,1993
20857,1994
20865,1995
20880,1996
20896,1997
20914,1998
20915,1999
20923,2000
20925,2001
20938,2002
20946,2003
20965,2004
20975,2005
20977,2006
20994,2007
21012,2008
21024,2009
21042,2010
21049,2011
21060,2012
21070,2013
21081,2014
21101,2015
21114,2016
21132,2017
21146,2018
21162,2019
21171,2020
21191,2021
21210,2022
21226,2023
21229,2024
21241,2025
21245,2026
21251,2027
21265,2028
21275,2029
21282,2030
21294,2031
21308,2032
21309,2033
21324,2034
21344,2035
21355,2036
21370,2037
21381,2038
21399,2039
21411,2040
21417,2041
21420,2042
21421,2043
21437,2044
21448,2045
21467,2046
21470,2047
21483,2048
21486,2049
21498,2050
21507,2051
21525,2052
21542,2053
21548,2054
21556,2055
21576,2056
21593,2057
21595,2058
21611,2059
21614,2060
21619,2061
21629,2062
21636,2063
21651,2064
21661,2065
21668,2066
21675,2067
21689,2068
21705,2069
21724,2070
21731,2071
21743,2072
21755,2073
21771,2074
21789,2075
21791,2076
21803,2077
21812,2078
21813,2079
21833,2080
21849,2081
21863,2082
21876,2083
21878,2084
21882,2085
21894,2086
21914,2087
21919,2088
21920,2089
21935,2090
21943,2091
21946,2092
21948,2093
21954,2094
21970,2095
21980,2096
21985,2097
21992,2098
22006,2099
22018,2100
22030,2101
22036,2102
22042,2103
22062,2104
22076,2105
22094,2106
22100,2107
22111,2108
22122,2109
22123,2110
22130,2111
22148,2112
22165,2113
22179,2114
22193,2115
22195,2116
22208,2117
22219,2118
22231,2119
22240,2120
22245,2121
22265,2122
22278,2123
22281,2124
22289,2125
22296,2126
22307,2127
22314,2128
22327,2129
22339,2130
22350,2131
22370,2132
22374,2133
22384,2134
22401,2135
22414,2136
22423,2137
22425,2138
22436,2139
22453,2140
22460,2141
22473,2142
22477,2143
22490,2144
22503,2145
22514,2146
22528,2147
22547,2148
22548,2149
22561,2150
22563,2151
22566,2152
22573,2153
22585,2154
22600,2155
22611,2156
22613,2157
22621,2158
22626,2159
22645,2160
22664,2161
22669,2162
22676,2163
22681,2164
22695,2165
22704,2166
22724,2167
22743,2168
22755,2169
22766,2170
22767,2171
22782,2172
22786,2173
22792,2174
22811,2175
22829,2176
22849,2177
22867,2178
22884,2179
22889,2180
22892,2181
22896,2182
22906,2183
22910,2184
22912,2185
22925,2186
22926,2187
22927,2188
22930,2189
22935,2190
22938,2191
22947,2192
22957,2193
22960,2194
22966,2195
22970,2196
22987,2197
22992,2198
22998,2199
23014,2200
23025,2201
23042,2202
23044,2203
23051,2204
23057,2205
23068,2206
23076,2207
23093,2208
23097,2209
23116,2210
23120,2211
23129,2212
23148,2213
23150,2214
23154,2215
23156,2216
23175,2217
23186,2218
23206,2219
23223,2220
23224,2221
23229,2222
23247,2223
23252,2224
23271,2225
23274,2226
23286,2227
23305,2228
23306,2229
23312,2230
23326,2231
23336,2232
23338,2233
23342,2234
23354,2235
23358,2236
23363,2237
23372,2238
23384,2239
23396,2240
23415,2241
23420,2242
23437,2243
23439,2244
23444,2245
23445,2246
23454,2247
23466,2248
23468,2249
23478,2250
23486,2251
23489,2252
23506,2253
23508,2254
23510,2255
23528,2256
23547,2257
23552,2258
23555,2259
23575,2260
23578,2261
23596,2262
23612,2263
23617,2264
23621,2265
23636,2266
23642,2267
23649,2268
23666,2269
23681,2270
23697,2271
23702,2272
23720,2273
23735,2274
23743,2275
23748,2276
23750,2277
23759,2278
23778,2279
23785,2280
23786,2281
23790,2282
23794,2283
23807,2284
23815,2285
23828,2286
23833,2287
23840,2288
23842,2289
23850,2290
23864,2291
23869,2292
23874,2293
23882,2294
23899,2295
23909,2296
23916,2297
23933,2298
23941,2299
