12,0
14,1
29,2
48,3
50,4
57,5
75,6
77,7
96,8
113,9
116,10
133,11
136,12
149,13
156,14
168,15
181,16
194,17
202,18
203,19
209,20
219,21
234,22
244,23
256,24
258,25
272,26
288,27
302,28
304,29
324,30
338,31
340,32
351,33
362,34
366,35
376,36
377,37
395,38
415,39
429,40
440,41
452,42
463,43
470,44
471,45
480,46
482,47
501,48
503,49
513,50
516,51
518,52
521,53
523,54
532,55
552,56
558,57
569,58
585,59
605,60
610,61
620,62
622,63
639,64
642,65
653,66
660,67
661,68
671,69
684,70
687,71
700,72
713,73
731,74
738,75
752,76
759,77
762,78
782,79
791,80
796,81
805,82
821,83
841,84
853,85
854,86
869,87
882,88
894,89
899,90
902,91
904,92
906,93
921,94
931,95
947,96
961,97
976,98
996,99
997,100
1014,101
1032,102
1050,103
1061,104
1071,105
1080,106
1093,107
1098,108
1106,109
1114,110
1120,111
1136,112
1150,113
1162,114
1175,115
1187,116
1203,117
1222,118
1236,119
1244,120
1245,121
1250,122
1253,123
1262,124
1277,125
1285,126
1302,127
1310,128
1322,129
1328,130
1338,131
1340,132
1346,133
1352,134
1356,135
1359,136
1363,137
1374,138
1384,139
1398,140
1410,141
1419,142
1426,143
1428,144
1440,145
1445,146
1459,147
1465,148
1470,149
1488,150
1497,151
1511,152
1516,153
1532,154
1541,155
1552,156
1560,157
1568,158
1575,159
1587,160
1588,161
1596,162
1610,163
1618,164
1630,165
1647,166
1660,167
1674,168
1689,169
1697,170
1709,171
1721,172
1738,173
1755,174
1768,175
1771,176
1778,177
1785,178
1793,179
1796,180
1811,181
1814,182
1829,183
1840,184
1855,185
1864,186
1871,187
1887,188
1899,189
1906,190
1920,191
1924,192
1943,193
1944,194
1961,195
1973,196
1979,197
1996,198
2007,199
2019,200
2027,201
2037,202
2049,203
2066,204
2068,205
2081,206
2093,207
2101,208
2103,209
2111,210
2126,211
2136,212
2150,213
2154,214
2158,215
2167,216
2187,217
2201,218
2209,219
2218,220
2237,221
2254,222
2258,223
2269,224
2277,225
2279,226
2294,227
2298,228
2317,229
2330,230
2347,231
2367,232
2368,233
2369,234
2370,235
2387,236
2405,237
2412,238
2431,239
2443,240
2454,241
2460,242
2477,243
2485,244
2503,245
2506,246
2514,247
2522,248
2527,249
2545,250
2555,251
2558,252
2564,253
2574,254
2594,255
2605,256
2619,257
2632,258
2635,259
2637,260
2646,261
2665,262
2683,263
2693,264
2711,265
2727,266
2739,267
2740,268
2748,269
2762,270
2766,271
2781,272
2796,273
2814,274
2829,275
2845,276
2848,277
2867,278
2871,279
2877,280
2881,281
2885,282
2905,283
2915,284
2919,285
2927,286
2934,287
2938,288
2957,289
2961,290
2970,291
2980,292
2984,293
2986,294
2987,295
2988,296
2999,297
3000,298
3006,299
3015,300
3017,301
3033,302
3049,303
3068,304
3069,305
3088,306
3108,307
3116,308
3129,309
3140,310
3150,311
3151,312
3166,313
3169,314
3185,315
3194,316
3210,317
3217,318
3225,319
3242,320
3254,321
3258,322
3264,323
3275,324
3291,325
3292,326
3293,327
3302,328
3305,329
3311,330
3322,331
3341,332
3347,333
3367,334
3378,335
3379,336
3384,337
3395,338
3399,339
3405,340
3425,341
3439,342
3459,343
3463,344
3470,345
3472,346
3476,347
3491,348
3496,349
3514,350
3532,351
3550,352
3569,353
3575,354
3583,355
3597,356
3610,357
3612,358
3613,359
3627,360
3647,361
3649,362
3651,363
3664,364
3669,365
3680,366
3684,367
3695,368
3703,369
3720,370
3725,371
3739,372
3752,373
3762,374
3775,375
3794,376
3811,377
3829,378
3830,379
3842,380
3844,381
3850,382
3859,383
3867,384
3887,385
3891,386
3903,387
3917,388
3919,389
3926,390
3945,391
3964,392
3965,393
3967,394
3970,395
3980,396
3983,397
3996,398
4010,399
4016,400
4029,401
4045,402
4051,403
4060,404
4080,405
4097,406
4112,407
4122,408
4131,409
4141,410
4146,411
4156,412
4165,413
4174,414
4193,415
4212,416
4217,417
4236,418
4237,419
4245,420
4255,421
4261,422
4266,423
4282,424
4300,425
4306,426
4319,427
4326,428
4339,429
4348,430
4362,431
4381,432
4401,433
4402,434
4416,435
4433,436
4442,437
4446,438
4453,439
4472,440
4473,441
4474,442
4490,443
4502,444
4509,445
4511,446
4526,447
4537,448
4557,449
4562,450
4575,451
4591,452
4592,453
4612,454
4614,455
4626,456
4638,457
4656,458
4674,459
4687,460
4701,461
4714,462
4715,463
4727,464
4735,465
4750,466
4767,467
4780,468
4800,469
4813,470
4816,471
4822,472
4827,473
4837,474
4838,475
4846,476
4852,477
4867,478
4887,479
4897,480
4905,481
4910,482
4914,483
4929,484
4947,485
4962,486
4972,487
4982,488
4994,489
5012,490
5025,491
5041,492
5043,493
5056,494
5063,495
5071,496
5073,497
5083,498
5091,499
5099,500
5118,501
5133,502
5135,503
5153,504
5154,505
5162,506
5165,507
5173,508
5182,509
5189,510
5190,511
5204,512
5219,513
5225,514
5238,515
5253,516
5254,517
5260,518
5271,519
5290,520
5306,521
5319,522
5327,523
5336,524
5337,525
5351,526
5354,527
5362,528
5379,529
5395,530
5408,531
5418,532
5432,533
5439,534
5458,535
5460,536
5462,537
5469,538
5471,539
5484,540
5497,541
5511,542
5517,543
5521,544
5541,545
5555,546
5564,547
5576,548
5589,549
5606,550
5623,551
5641,552
5650,553
5666,554
5679,555
5688,556
5702,557
5712,558
5716,559
5735,560
5754,561
5766,562
5778,563
5788,564
5792,565
5798,566
5813,567
5819,568
5835,569
5855,570
5871,571
5874,572
5877,573
5885,574
5897,575
5903,576
5909,577
5918,578
5928,579
5948,580
5959,581
5979,582
5980,583
5987,584
5995,585
6002,586
6015,587
6026,588
6043,589
6046,590
6058,591
6076,592
6086,593
6098,594
6115,595
6129,596
6136,597
6141,598
6146,599
6151,600
6171,601
6189,602
6209,603
6214,604
6219,605
6229,606
6238,607
6240,608
6254,609
6255,610
6265,611
6268,612
6275,613
6280,614
6289,615
6295,616
6303,617
6311,618
6328,619
6341,620
6356,621
6368,622
6378,623
6384,624
6391,625
6398,626
6402,627
6415,628
6422,629
6437,630
6453,631
6461,632
6475,633
6480,634
6499,635
6510,636
6514,637
6526,638
6538,639
6541,640
6548,641
6551,642
6557,643
6573,644
6590,645
6607,646
6615,647
6630,648
6650,649
6656,650
6658,651
6674,652
6692,653
6710,654
6727,655
6744,656
6751,657
6756,658
6766,659
6775,660
6777,661
6790,662
6807,663
6826,664
6844,665
6849,666
6867,667
6882,668
6897,669
6913,670
6919,671
6937,672
6940,673
6947,674
6959,675
6974,676
6990,677
6997,678
7005,679
7024,680
7035,681
7052,682
7068,683
7083,684
7101,685
7106,686
7120,687
7135,688
7139,689
7142,690
7150,691
7154,692
7161,693
7167,694
7176,695
7183,696
7195,697
7211,698
7225,699
7230,700
7233,701
7245,702
7259,703
7267,704
7273,705
7274,706
7284,707
7298,708
7306,709
7325,710
7335,711
7345,712
7358,713
7370,714
7382,715
7401,716
7410,717
7429,718
7436,719
7453,720
7463,721
7470,722
7489,723
7497,724
7500,725
7514,726
7522,727
7534,728
7546,729
7562,730
7564,731
7584,732
7588,733
7594,734
7605,735
7620,736
7628,737
7646,738
7663,739
7672,740
7689,741
7699,742
7705,743
7725,744
7726,745
7744,746
7756,747
7758,748
7772,749
7791,750
7810,751
7814,752
7822,753
7832,754
7834,755
7843,756
7848,757
7850,758
7851,759
7857,760
7873,761
7881,762
7883,763
7891,764
7900,765
7912,766
7931,767
7944,768
7954,769
7961,770
7965,771
7967,772
7974,773
7985,774
7994,775
8004,776
8006,777
8017,778
8034,779
8039,780
8053,781
8063,782
8074,783
8090,784
8100,785
8116,786
8132,787
8137,788
8148,789
8160,790
8173,791
8191,792
8208,793
8217,794
8222,795
8231,796
8243,797
8259,798
8272,799
8291,800
8309,801
8318,802
8336,803
8356,804
8372,805
8388,806
8406,807
8417,808
8426,809
8436,810
8453,811
8459,812
8472,813
8488,814
8492,815
8507,816
8526,817
8542,818
8557,819
8569,820
8579,821
8585,822
8591,823
8598,824
8609,825
8625,826
8626,827
8640,828
8648,829
8657,830
8666,831
8669,832
8688,833
8707,834
8724,835
8738,836
8754,837
8764,838
8782,839
8800,840
8820,841
8836,842
8846,843
8851,844
8868,845
8876,846
8889,847
8909,848
8920,849
8929,850
8945,851
8957,852
8971,853
8981,854
8995,855
9008,856
9020,857
9022,858
9042,859
9047,860
9053,861
9063,862
9079,863
9093,864
9103,865
9115,866
9124,867
9126,868
9138,869
9146,870
9164,871
9168,872
9177,873
9178,874
9179,875
9184,876
9194,877
9210,878
9214,879
9226,880
9233,881
9253,882
9260,883
9267,884
9280,885
9293,886
9296,887
9308,888
9319,889
9333,890
9336,891
9351,892
9362,893
9367,894
9375,895
9388,896
9406,897
9410,898
9422,899
9435,900
9454,901
9458,902
9462,903
9463,904
9477,905
9495,906
9508,907
9515,908
9517,909
9535,910
9554,911
9569,912
9586,913
9603,914
9605,915
9623,916
9636,917
9649,918
9657,919
9662,920
9663,921
9671,922
9681,923
9690,924
9702,925
9710,926
9729,927
9744,928
9748,929
9752,930
9761,931
9779,932
9786,933
9802,934
9818,935
9824,936
9838,937
9858,938
9859,939
9873,940
9877,941
9886,942
9901,943
9907,944
9927,945
9942,946
9951,947
9970,948
9980,949
9989,950
10008,951
10016,952
10027,953
10032,954
10038,955
10051,956
10063,957
10069,958
10084,959
10087,960
10104,961
10108,962
10115,963
10119,964
10125,965
10139,966
10155,967
10175,968
10181,969
10182,970
10189,971
10201,972
10217,973
10235,974
10239,975
10242,976
10253,977
10266,978
10272,979
10274,980
10293,981
10304,982
10307,983
10311,984
10321,985
10324,986
10334,987
10341,988
10356,989
10366,990
10372,991
10375,992
10379,993
10397,994
10413,995
10414,996
10428,997
10430,998
10450,999
10468,1000
10475,1001
10477,1002
10487,1003
10497,1004
10513,1005
10514,1006
10526,1007
10546,1008
10549,1009
10558,1010
10573,1011
10580,1012
10586,1013
10594,1014
10608,1015
10621,1016
10639,1017
10657,1018
10665,1019
10670,1020
10677,1021
10686,1022
10691,1023
10701,1024
10707,1025
10727,1026
10736,1027
10742,1028
10753,1029
10755,1030
10773,1031
10791,1032
10810,1033
10827,1034
10832,1035
10837,1036
10838,1037
10841,1038
10854,1039
10860,1040
10874,1041
10885,1042
10896,1043
10897,1044
10916,1045
10936,1046
10956,1047
10959,1048
10960,1049
10964,1050
10979,1051
10993,1052
11000,1053
11004,1054
11016,1055
11032,1056
11044,1057
11056,1058
11068,1059
11082,1060
11087,1061
11094,1062
11113,1063
11114,1064
11115,1065
11119,1066
11139,1067
11147,1068
11151,1069
11153,1070
11158,1071
11162,1072
11174,1073
11176,1074
11187,1075
11201,1076
11217,1077
11234,1078
11254,1079
11259,1080
11265,1081
11267,1082
11275,1083
11290,1084
11296,1085
11299,1086
11308,1087
11313,1088
11323,1089
11328,1090
11330,1091
11350,1092
11363,1093
11375,1094
11383,1095
11395,1096
11396,1097
11398,1098
11409,1099
11416,1100
11436,1101
11445,1102
11458,1103
11470,1104
11476,1105
11495,1106
11515,1107
11532,1108
11542,1109
11549,1110
11552,1111
11567,1112
11575,1113
11586,1114
11604,1115
11607,1116
11617,1117
11633,1118
11650,1119
11658,1120
11675,1121
11691,1122
11704,1123
11716,1124
11718,1125
11719,1126
11733,1127
11737,1128
11751,1129
11755,1130
11768,1131
11787,1132
11803,1133
11813,1134
11822,1135
11837,1136
11838,1137
11839,1138
11854,1139
11870,1140
11881,1141
11896,1142
11915,1143
11935,1144
11938,1145
11955,1146
11966,1147
11974,1148
11979,1149
11999,1150
12019,1151
12034,1152
12043,1153
12047,1154
12060,1155
12063,1156
12070,1157
12071,1158
12084,1159
12098,1160
12118,1161
12122,1162
12142,1163
12148,1164
12162,1165
12167,1166
12179,1167
12184,1168
12185,1169
12203,1170
12206,1171
12213,1172
12216,1173
12219,1174
12230,1175
12245,1176
12256,1177
12271,1178
12277,1179
12288,1180
12289,1181
12303,1182
12317,1183
12330,1184
12346,1185
12348,1186
12349,1187
12358,1188
12361,1189
12375,1190
12380,1191
12400,1192
12401,1193
12419,1194
12439,1195
12440,1196
12443,1197
12462,1198
12472,1199
12473,1200
12479,1201
12480,1202
12494,1203
12513,1204
12524,1205
12542,1206
12558,1207
12567,1208
12570,1209
12580,1210
12584,1211
12593,1212
12607,1213
12610,1214
12628,1215
12638,1216
12653,1217
12666,1218
12667,1219
12675,1220
12687,1221
12704,1222
12707,1223
12715,1224
12728,1225
12738,1226
12746,1227
12758,1228
12775,1229
12782,1230
12791,1231
12792,1232
12811,1233
12815,1234
12821,1235
12836,1236
12848,1237
12854,1238
12867,1239
12873,1240
12886,1241
12899,1242
12901,1243
12910,1244
12919,1245
12923,1246
12939,1247
12943,1248
12946,1249
12955,1250
12958,1251
12977,1252
12981,1253
12982,1254
12991,1255
12996,1256
13015,1257
13022,1258
13035,1259
13055,1260
13065,1261
13075,1262
13076,1263
13080,1264
13087,1265
13094,1266
13097,1267
13104,1268
13118,1269
13134,1270
13139,1271
13157,1272
13160,1273
13177,1274
13180,1275
13198,1276
13201,1277
13212,1278
13230,1279
13234,1280
13250,1281
13268,1282
13282,1283
13297,1284
13303,1285
13320,1286
13331,1287
13344,1288
13359,1289
13376,1290
13380,1291
13400,1292
13404,1293
13422,1294
13439,1295
13445,1296
13465,1297
13467,1298
13472,1299
13475,1300
13486,1301
13502,1302
13510,1303
13514,1304
13534,1305
13546,1306
13557,1307
13565,1308
13575,1309
13591,1310
13611,1311
13621,1312
13635,1313
13639,1314
13640,1315
13650,1316
13664,1317
13673,1318
13693,1319
13707,1320
13725,1321
13742,1322
13750,1323
13761,1324
13774,1325
13784,1326
13794,1327
13810,1328
13813,1329
13823,1330
13824,1331
13836,1332
13852,1333
13856,1334
13870,1335
13873,1336
13888,1337
13903,1338
13918,1339
13931,1340
13936,1341
13949,1342
13966,1343
13975,1344
13983,1345
13986,1346
13998,1347
14002,1348
14014,1349
14022,1350
14035,1351
14051,1352
14054,1353
14061,1354
14075,1355
14092,1356
14112,1357
14122,1358
14134,1359
14136,1360
14155,1361
14164,1362
14173,1363
14185,1364
14198,1365
14199,1366
14217,1367
14229,1368
14238,1369
14245,1370
14263,1371
14271,1372
14280,1373
14293,1374
14295,1375
14302,1376
14309,1377
14312,1378
14315,1379
14324,1380
14338,1381
14352,1382
14353,1383
14367,1384
14379,1385
14381,1386
14398,1387
14405,1388
14419,1389
14437,1390
14449,1391
14462,1392
14477,1393
14482,1394
14490,1395
14500,1396
14503,1397
14512,1398
14518,1399
14528,1400
14532,1401
14549,1402
14554,1403
14566,1404
14581,1405
14599,1406
14605,1407
14606,1408
14611,1409
14619,1410
14633,1411
14651,1412
14670,1413
14690,1414
14704,1415
14706,1416
14722,1417
14732,1418
14734,1419
14737,1420
14738,1421
14739,1422
14743,1423
14759,1424
14777,1425
14784,1426
14799,1427
14814,1428
14827,1429
14834,1430
14844,1431
14855,1432
14861,1433
14877,1434
14896,1435
14916,1436
14919,1437
14933,1438
14939,1439
14958,1440
14970,1441
14972,1442
14987,1443
14998,1444
15001,1445
15021,1446
15024,1447
15036,1448
15044,1449
15064,1450
15069,1451
15073,1452
15091,1453
15111,1454
15127,1455
15133,1456
15138,1457
15146,1458
15158,1459
15168,1460
15183,1461
15196,1462
15207,1463
15211,1464
15216,1465
15232,1466
15244,1467
15259,1468
15260,1469
15276,1470
15287,1471
15302,1472
15309,1473
15325,1474
15345,1475
15347,1476
15352,1477
15366,1478
15380,1479
15392,1480
15406,1481
15412,1482
15416,1483
15427,1484
15444,1485
15456,1486
15475,1487
15487,1488
15491,1489
15509,1490
15514,1491
15529,1492
15543,1493
15557,1494
15562,1495
15569,1496
15580,1497
15588,1498
15590,1499
15598,1500
15606,1501
15613,1502
15616,1503
15623,1504
15641,1505
15661,1506
15671,1507
15676,1508
15679,1509
15699,1510
15718,1511
15732,1512
15743,1513
15758,1514
15769,1515
15778,1516
15781,1517
15793,1518
15794,1519
15808,1520
15814,1521
15820,1522
15821,1523
15823,1524
15836,1525
15851,1526
15861,1527
15869,1528
15887,1529
15905,1530
15924,1531
15942,1532
15954,1533
15969,1534
15974,1535
15988,1536
16003,1537
16014,1538
16031,1539
16048,1540
16054,1541
16060,1542
16062,1543
16065,1544
16075,1545
16091,1546
16097,1547
16107,1548
16126,1549
16136,1550
16137,1551
16144,1552
16153,1553
16158,1554
16170,1555
16184,1556
16185,1557
16199,1558
16216,1559
16224,1560
16235,1561
16242,1562
16244,1563
16245,1564
16262,1565
16269,1566
16285,1567
16295,1568
16299,1569
16305,1570
16309,1571
16324,1572
16342,1573
16362,1574
16380,1575
16386,1576
16387,1577
16398,1578
16407,1579
16411,1580
16429,1581
16441,1582
16446,1583
16454,1584
16460,1585
16478,1586
16483,1587
16501,1588
16512,1589
16513,1590
16530,1591
16546,1592
16547,1593
16560,1594
16572,1595
16578,1596
16587,1597
16607,1598
16622,1599
16635,1600
16647,1601
16667,1602
16674,1603
16692,1604
16705,1605
16720,1606
16732,1607
16745,1608
16754,1609
16766,1610
16778,1611
16791,1612
16811,1613
16821,1614
16831,1615
16832,1616
16836,1617
16849,1618
16855,1619
16868,1620
16870,1621
16887,1622
16904,1623
16907,1624
16914,1625
16923,1626
16939,1627
16955,1628
16966,1629
16985,1630
17005,1631
17012,1632
17017,1633
17021,1634
17035,1635
17039,1636
17055,1637
17064,1638
17078,1639
17098,1640
17110,1641
17111,1642
17129,1643
17130,1644
17141,1645
17148,1646
17163,1647
17164,1648
17171,1649
17183,1650
17188,1651
17204,1652
17220,1653
17221,1654
17231,1655
17238,1656
17250,1657
17261,1658
17274,1659
17290,1660
17302,1661
17321,1662
17326,1663
17328,1664
17338,1665
17350,1666
17364,1667
17368,1668
17388,1669
17399,1670
17407,1671
17427,1672
17432,1673
17434,1674
17444,1675
17446,1676
17459,1677
17479,1678
17492,1679
17504,1680
17515,1681
17534,1682
17539,1683
17556,1684
17561,1685
17572,1686
17573,1687
17579,1688
17594,1689
17602,1690
17609,1691
17616,1692
17620,1693
17629,1694
17639,1695
17659,1696
17660,1697
17672,1698
17673,1699
17685,1700
17694,1701
17713,1702
17718,1703
17722,1704
17738,1705
17740,1706
17753,1707
17766,1708
17772,1709
17775,1710
17793,1711
17794,1712
17806,1713
17826,1714
17843,1715
17860,1716
17872,1717
17885,1718
17891,1719
17896,1720
17916,1721
17926,1722
17946,1723
17962,1724
17972,1725
17981,1726
17993,1727
18009,1728
18021,1729
18039,1730
18052,1731
18072,1732
18088,1733
18104,1734
18121,1735
18141,1736
18152,1737
18166,1738
18179,1739
18181,1740
18199,1741
18210,1742
18230,1743
18231,1744
18235,1745
18240,1746
18259,1747
18268,1748
18283,1749
18286,1750
18288,1751
18291,1752
18309,1753
18315,1754
18330,1755
18346,1756
18363,1757
18365,1758
18376,1759
18382,1760
18391,1761
18396,1762
18411,1763
18425,1764
18427,1765
18438,1766
18455,1767
18465,1768
18476,1769
18491,1770
18497,1771
18509,1772
18529,1773
18546,1774
18554,1775
18566,1776
18579,1777
18591,1778
18609,1779
18619,1780
18621,1781
18632,1782
18651,1783
18654,1784
18668,1785
18680,1786
18683,1787
18689,1788
18695,1789
18699,1790
18700,1791
18714,1792
18725,1793
18739,1794
18758,1795
18760,1796
18773,1797
18778,1798
18785,1799
18787,1800
18803,1801
18807,1802
18813,1803
18822,1804
18828,1805
18841,1806
18854,1807
18873,1808
18874,1809
18876,1810
18887,1811
18905,1812
18916,1813
18929,1814
18949,1815
18951,1816
18952,1817
18958,1818
18974,1819
18988,1820
19008,1821
19017,1822
19019,1823
19036,1824
19042,1825
19043,1826
19056,1827
19065,1828
19074,1829
19084,1830
19085,1831
19100,1832
19103,1833
19119,1834
19121,1835
19137,1836
19143,1837
19147,1838
19166,1839
19181,1840
19185,1841
19202,1842
19217,1843
19232,1844
19250,1845
19262,1846
19271,1847
19281,1848
19287,1849
19292,1850
19299,1851
19309,1852
19319,1853
19322,1854
19334,1855
19338,1856
19342,1857
19344,1858
19356,1859
19367,1860
19379,1861
19393,1862
19399,1863
19406,1864
19412,1865
19426,1866
19437,1867
19441,1868
19451,1869
19459,1870
19471,1871
19488,1872
19500,1873
19510,1874
19525,1875
19527,1876
19541,1877
19551,1878
19566,1879
19578,1880
19585,1881
19603,1882
19618,1883
19633,1884
19644,1885
19645,1886
19661,1887
19674,1888
19687,1889
19698,1890
19705,1891
19710,1892
19719,1893
19731,1894
19733,1895
19751,1896
19758,1897
19775,1898
19781,1899
19787,1900
19800,1901
19819,1902
19836,1903
19837,1904
19849,1905
19858,1906
19875,1907
19878,1908
19891,1909
19906,1910
19918,1911
19923,1912
19940,1913
19958,1914
19977,1915
19990,1916
20007,1917
20019,1918
20035,1919
20042,1920
20043,1921
20052,1922
20058,1923
20071,1924
20083,1925
20084,1926
20101,1927
20115,1928
20119,1929
20131,1930
20141,1931
20146,1932
20164,1933
20182,1934
20200,1935
20220,1936
20236,1937
20253,1938
20257,1939
20263,1940
20272,1941
20287,1942
20303,1943
20308,1944
20323,1945
20331,1946
20344,1947
20364,1948
20368,1949
20386,1950
20401,1951
20419,1952
20425,1953
20436,1954
20447,1955
20463,1956
20480,1957
20488,1958
20496,1959
20511,1960
20529,1961
20531,1962
20547,1963
20549,1964
20550,1965
20557,1966
20573,1967
20575,1968
20591,1969
20598,1970
20614,1971
20620,1972
20626,1973
20641,1974
20661,1975
20668,1976
20675,1977
20677,1978
20681,1979
20686,1980
20706,1981
20716,1982
20731,1983
20747,1984
20762,1985
20779,1986
20790,1987
20793,1988
20804,1989
20806,1990
20807,1991
20826,1992
20838,1993
20857,1994
20865,1995
20880,1996
20896,1997
20914,1998
20915,1999
20923,2000
20925,2001
20938,2002
20946,2003
20965,2004
20975,2005
20977,2006
20994,2007
21012,2008
21024,2009
21042,2010
21049,2011
21060,2012
21070,2013
21081,2014
21101,2015
21114,2016
21132,2017
21146,2018
21162,2019
21171,2020
21191,2021
21210,2022
21226,2023
21229,2024
21241,2025
21245,2026
21251,2027
21265,2028
21275,2029
21282,2030
21294,2031
21308,2032
21309,2033
21324,2034
21344,2035
21355,2036
21370,2037
21381,2038
21399,2039
21411,2040
21417,2041
21420,2042
21421,2043
21437,2044
21448,2045
21467,2046
21470,2047
21483,2048
21486,2049
21498,2050
21507,2051
21525,2052
21542,2053
21548,2054
21556,2055
21576,2056
21593,2057
21595,2058
21611,2059
21614,2060
21619,2061
21629,2062
21636,2063
21651,2064
21661,2065
21668,2066
21675,2067
21689,2068
21705,2069
21724,2070
21731,2071
21743,2072
21755,2073
21771,2074
21789,2075
21791,2076
21803,2077
21812,2078
21813,2079
21833,2080
21849,2081
21863,2082
21876,2083
21878,2084
21882,2085
21894,2086
21914,2087
21919,2088
21920,2089
21935,2090
21943,2091
21946,2092
21948,2093
21954,2094
21970,2095
21980,2096
21985,2097
21992,2098
22006,2099
22018,2100
22030,2101
22036,2102
22042,2103
22062,2104
22076,2105
22094,2106
22100,2107
22111,2108
22122,2109
22123,2110
22130,2111
22148,2112
22165,2113
22179,2114
22193,2115
22195,2116
22208,2117
22219,2118
22231,2119
22240,2120
22245,2121
22265,2122
22278,2123
22281,2124
22289,2125
22296,2126
22307,2127
22314,2128
22327,2129
22339,2130
22350,2131
22370,2132
22374,2133
22384,2134
22401,2135
22414,2136
22423,2137
22425,2138
22436,2139
22453,2140
22460,2141
22473,2142
22477,2143
22490,2144
22503,2145
22514,2146
22528,2147
22547,2148
22548,2149
22561,2150
22563,2151
22566,2152
22573,2153
22585,2154
22600,2155
22611,2156
22613,2157
22621,2158
22626,2159
22645,2160
22664,2161
22669,2162
22676,2163
22681,2164
22695,2165
22704,2166
22724,2167
22743,2168
22755,2169
22766,2170
22767,2171
22782,2172
22786,2173
22792,2174
22811,2175
22829,2176
22849,2177
22867,2178
22884,2179
22889,2180
22892,2181
22896,2182
22906,2183
22910,2184
22912,2185
22925,2186
22926,2187
22927,2188
22930,2189
22935,2190
22938,2191
22947,2192
22957,2193
22960,2194
22966,2195
22970,2196
22987,2197
22992,2198
22998,2199
23014,2200
23025,2201
23042,2202
23044,2203
23051,2204
23057,2205
23068,2206
23076,2207
23093,2208
23097,2209
23116,2210
23120,2211
23129,2212
23148,2213
23150,2214
23154,2215
23156,2216
23175,2217
23186,2218
23206,2219
23223,2220
23224,2221
23229,2222
23247,2223
23252,2224
23271,2225
23274,2226
23286,2227
23305,2228
23306,2229
23312,2230
23326,2231
23336,2232
23338,2233
23342,2234
23354,2235
23358,2236
23363,2237
23372,2238
23384,2239
23396,2240
23415,2241
23420,2242
23437,2243
23439,2244
23444,2245
23445,2246
23454,2247
23466,2248
23468,2249
23478,2250
23486,2251
23489,2252
23506,2253
23508,2254
23510,2255
23528,2256
23547,2257
23552,2258
23555,2259
23575,2260
23578,2261
23596,2262
23612,2263
23617,2264
23621,2265
23636,2266
23642,2267
23649,2268
23666,2269
23681,2270
23697,2271
23702,2272
23720,2273
23735,2274
23743,2275
23748,2276
23750,2277
23759,2278
23778,2279
23785,2280
23786,2281
23790,2282
23794,2283
23807,2284
23815,2285
23828,2286
23833,2287
23840,2288
23842,2289
23850,2290
23864,2291
23869,2292
23874,2293
23882,2294
23899,2295
23909,2296
23916,2297
23933,2298
23941,2299
23951,2300
23957,2301
23966,2302
23980,2303
23986,2304
23989,2305
23994,2306
24014,2307
24028,2308
24047,2309
24057,2310
24072,2311
24073,2312
24086,2313
24087,2314
24099,2315
24112,2316
24128,2317
24146,2318
24153,2319
24166,2320
24167,2321
24177,2322
24195,2323
24211,2324
24222,2325
24225,2326
24229,2327
24238,2328
24255,2329
24272,2330
24284,2331
24299,2332
24304,2333
24324,2334
24332,2335
24348,2336
24365,2337
24375,2338
24378,2339
24379,2340
24387,2341
24401,2342
24414,2343
24427,2344
24445,2345
24450,2346
24466,2347
24484,2348
24497,2349
24513,2350
24515,2351
24532,2352
24542,2353
24557,2354
24560,2355
24572,2356
24591,2357
24600,2358
24620,2359
24638,2360
24649,2361
24661,2362
24670,2363
24687,2364
24697,2365
24712,2366
24713,2367
24728,2368
24747,2369
24749,2370
24758,2371
24769,2372
24777,2373
24788,2374
24793,2375
24803,2376
24821,2377
24823,2378
24836,2379
24839,2380
24858,2381
24861,2382
24863,2383
24878,2384
24891,2385
24901,2386
24905,2387
24908,2388
24918,2389
24938,2390
24944,2391
24948,2392
24968,2393
24973,2394
24984,2395
24993,2396
25000,2397
25008,2398
25024,2399
25028,2400
25037,2401
25045,2402
25050,2403
25051,2404
25060,2405
25064,2406
25068,2407
25086,2408
25099,2409
25104,2410
25124,2411
25125,2412
25127,2413
25133,2414
25142,2415
25144,2416
25156,2417
25168,2418
25179,2419
25197,2420
25214,2421
25223,2422
25238,2423
25245,2424
25254,2425
25260,2426
25265,2427
25267,2428
25277,2429
25289,2430
25303,2431
25309,2432
25321,2433
25332,2434
25343,2435
25352,2436
25366,2437
25370,2438
25371,2439
25375,2440
25390,2441
25400,2442
25420,2443
25438,2444
25445,2445
25446,2446
25457,2447
25475,2448
25481,2449
25483,2450
25491,2451
25510,2452
25520,2453
25537,2454
25553,2455
25568,2456
25570,2457
25583,2458
25598,2459
25609,2460
25617,2461
25620,2462
25624,2463
25634,2464
25638,2465
25640,2466
25654,2467
25661,2468
25663,2469
25678,2470
25689,2471
25693,2472
25700,2473
25703,2474
25722,2475
25734,2476
25737,2477
25755,2478
25764,2479
25766,2480
25772,2481
25779,2482
25793,2483
25808,2484
25827,2485
25844,2486
25855,2487
25861,2488
25866,2489
25872,2490
25890,2491
25897,2492
25899,2493
25907,2494
25925,2495
25931,2496
25951,2497
25953,2498
25968,2499
25979,2500
25993,2501
25999,2502
26019,2503
26035,2504
26050,2505
26056,2506
26070,2507
26087,2508
26105,2509
26107,2510
26117,2511
26127,2512
26133,2513
26145,2514
26150,2515
26156,2516
26166,2517
26179,2518
26180,2519
26191,2520
26207,2521
26216,2522
26224,2523
26236,2524
26250,2525
26267,2526
26285,2527
26287,2528
26296,2529
26309,2530
26312,2531
26325,2532
26330,2533
26349,2534
26359,2535
26360,2536
26379,2537
26387,2538
26393,2539
26410,2540
26416,2541
26420,2542
26439,2543
26446,2544
26449,2545
26465,2546
26466,2547
26471,2548
26481,2549
26498,2550
26514,2551
26531,2552
26539,2553
26559,2554
26577,2555
26580,2556
26599,2557
26614,2558
26629,2559
26647,2560
26648,2561
26655,2562
26659,2563
26671,2564
26689,2565
26700,2566
26703,2567
26716,2568
26729,2569
26749,2570
26754,2571
26769,2572
26782,2573
26800,2574
26819,2575
26826,2576
26842,2577
26852,2578
26857,2579
26868,2580
26882,2581
26891,2582
26892,2583
26895,2584
26908,2585
26911,2586
26928,2587
26941,2588
26946,2589
26961,2590
26971,2591
26988,2592
26999,2593
27012,2594
27026,2595
27045,2596
27053,2597
27073,2598
27088,2599
27089,2600
27103,2601
27114,2602
27116,2603
27122,2604
27135,2605
27154,2606
27172,2607
27183,2608
27184,2609
27196,2610
27212,2611
27220,2612
27231,2613
27250,2614
27270,2615
27273,2616
27289,2617
27293,2618
27300,2619
27303,2620
27323,2621
27332,2622
27340,2623
27356,2624
27367,2625
27384,2626
27389,2627
27409,2628
27415,2629
27428,2630
27438,2631
27449,2632
27463,2633
27482,2634
27485,2635
27502,2636
27512,2637
27521,2638
27525,2639
27534,2640
27541,2641
27557,2642
27570,2643
27583,2644
27587,2645
27588,2646
27598,2647
27615,2648
27617,2649
27619,2650
27621,2651
27630,2652
27643,2653
27647,2654
27650,2655
27652,2656
27660,2657
27680,2658
27689,2659
27708,2660
27721,2661
27727,2662
27745,2663
27753,2664
27759,2665
27761,2666
27777,2667
27796,2668
27801,2669
27811,2670
27816,2671
27829,2672
27845,2673
27853,2674
27855,2675
27873,2676
27881,2677
27891,2678
27892,2679
27905,2680
27922,2681
27938,2682
27939,2683
27945,2684
27965,2685
27967,2686
27976,2687
27990,2688
28008,2689
28018,2690
28035,2691
28036,2692
28055,2693
28059,2694
28079,2695
28080,2696
28083,2697
28103,2698
28113,2699
28115,2700
28132,2701
28151,2702
28152,2703
28155,2704
28168,2705
28180,2706
28196,2707
28205,2708
28225,2709
28230,2710
28245,2711
28255,2712
28265,2713
28278,2714
28284,2715
28285,2716
28294,2717
28296,2718
28314,2719
28315,2720
28322,2721
28336,2722
28354,2723
28358,2724
28362,2725
28382,2726
28387,2727
28395,2728
28409,2729
28426,2730
28446,2731
28457,2732
28472,2733
28492,2734
28496,2735
28515,2736
28533,2737
28542,2738
28557,2739
28572,2740
28577,2741
28578,2742
28590,2743
28607,2744
28623,2745
28626,2746
28643,2747
28646,2748
28649,2749
28657,2750
28662,2751
28671,2752
28690,2753
28692,2754
28706,2755
28725,2756
28734,2757
28751,2758
28771,2759
28789,2760
28800,2761
28804,2762
28823,2763
28827,2764
28829,2765
28842,2766
28858,2767
28868,2768
28870,2769
28890,2770
28898,2771
28910,2772
28927,2773
28941,2774
28955,2775
28966,2776
28978,2777
28994,2778
29009,2779
29015,2780
29030,2781
29042,2782
29061,2783
29081,2784
29083,2785
29088,2786
29103,2787
29111,2788
29130,2789
29148,2790
29152,2791
29162,2792
29172,2793
29189,2794
29194,2795
29214,2796
29221,2797
29229,2798
29238,2799
29241,2800
29248,2801
29255,2802
29275,2803
29283,2804
29290,2805
29303,2806
29320,2807
29332,2808
29350,2809
29354,2810
29373,2811
29381,2812
29395,2813
29403,2814
29410,2815
29417,2816
29437,2817
29457,2818
29476,2819
29490,2820
29506,2821
29519,2822
29533,2823
29553,2824
29570,2825
29578,2826
29586,2827
29591,2828
29609,2829
29623,2830
29631,2831
29646,2832
29657,2833
29668,2834
29686,2835
29702,2836
29716,2837
29722,2838
29740,2839
29753,2840
29759,2841
29775,2842
29777,2843
29779,2844
29793,2845
29795,2846
29814,2847
29817,2848
29830,2849
29846,2850
29864,2851
29882,2852
29897,2853
29902,2854
29912,2855
29917,2856
29936,2857
29942,2858
29950,2859
29964,2860
29977,2861
29989,2862
30005,2863
30011,2864
30027,2865
30035,2866
30044,2867
30045,2868
30064,2869
30083,2870
30098,2871
30104,2872
30107,2873
30121,2874
30129,2875
30130,2876
30145,2877
30160,2878
30161,2879
30167,2880
30187,2881
30193,2882
30208,2883
30223,2884
30229,2885
30235,2886
30245,2887
30249,2888
30269,2889
30289,2890
30300,2891
30316,2892
30324,2893
30325,2894
30340,2895
30352,2896
30368,2897
30376,2898
30395,2899
30414,2900
30431,2901
30441,2902
30453,2903
30461,2904
30465,2905
30470,2906
30485,2907
30501,2908
30517,2909
30536,2910
30542,2911
30548,2912
30549,2913
30555,2914
30556,2915
30576,2916
30594,2917
30610,2918
30621,2919
30623,2920
30638,2921
30643,2922
30654,2923
30672,2924
30692,2925
30712,2926
30719,2927
30725,2928
30732,2929
30745,2930
30750,2931
30767,2932
30771,2933
30772,2934
30775,2935
30783,2936
30789,2937
30796,2938
30809,2939
30821,2940
30828,2941
30834,2942
30837,2943
30851,2944
30854,2945
30856,2946
30858,2947
30878,2948
30891,2949
30895,2950
30898,2951
30918,2952
30922,2953
30929,2954
30945,2955
30959,2956
30961,2957
30972,2958
30974,2959
30983,2960
31002,2961
31013,2962
31018,2963
31020,2964
31023,2965
31028,2966
31046,2967
31050,2968
31068,2969
31083,2970
31097,2971
31103,2972
31120,2973
31130,2974
31139,2975
31154,2976
31174,2977
31188,2978
31196,2979
31209,2980
31216,2981
31236,2982
31250,2983
31267,2984
31271,2985
31286,2986
31300,2987
31304,2988
31305,2989
31314,2990
31316,2991
31324,2992
31344,2993
31352,2994
31359,2995
31365,2996
31383,2997
31395,2998
31397,2999
31405,3000
31410,3001
31428,3002
31433,3003
31445,3004
31463,3005
31482,3006
31500,3007
31501,3008
31515,3009
31521,3010
31527,3011
31546,3012
31554,3013
31555,3014
31567,3015
31571,3016
31574,3017
31592,3018
31611,3019
31623,3020
31632,3021
31649,3022
31661,3023
31666,3024
31671,3025
31676,3026
31691,3027
31705,3028
31707,3029
31722,3030
31735,3031
31753,3032
31762,3033
31772,3034
31777,3035
31782,3036
31785,3037
31793,3038
31807,3039
31812,3040
31821,3041
31833,3042
31837,3043
31850,3044
31870,3045
31888,3046
31897,3047
31906,3048
31923,3049
31943,3050
31958,3051
31970,3052
31988,3053
32001,3054
32010,3055
32023,3056
32038,3057
32047,3058
32052,3059
32070,3060
32073,3061
32084,3062
32086,3063
32101,3064
32117,3065
32134,3066
32148,3067
32158,3068
32168,3069
32181,3070
32190,3071
32201,3072
32206,3073
32222,3074
32226,3075
32236,3076
32250,3077
32262,3078
32266,3079
32277,3080
32291,3081
32303,3082
32305,3083
32312,3084
32321,3085
32340,3086
32344,3087
32351,3088
32362,3089
32363,3090
32373,3091
32383,3092
32388,3093
32406,3094
32424,3095
32436,3096
32438,3097
32444,3098
32455,3099
32471,3100
32482,3101
32497,3102
32510,3103
32529,3104
32541,3105
32561,3106
32571,3107
32573,3108
32587,3109
32595,3110
32605,3111
32611,3112
32621,3113
32639,3114
32650,3115
32665,3116
32677,3117
32691,3118
32710,3119
32712,3120
32713,3121
32721,3122
32722,3123
32723,3124
32728,3125
32744,3126
32748,3127
32764,3128
32769,3129
32770,3130
32771,3131
32791,3132
32801,3133
32807,3134
32808,3135
32814,3136
32819,3137
32835,3138
32849,3139
32852,3140
32857,3141
32862,3142
32880,3143
32898,3144
32911,3145
32931,3146
32936,3147
32943,3148
32960,3149
32969,3150
32974,3151
32987,3152
33003,3153
33009,3154
33023,3155
33038,3156
33045,3157
33048,3158
33059,3159
33078,3160
33087,3161
33096,3162
33101,3163
33106,3164
33122,3165
33126,3166
33143,3167
33146,3168
33164,3169
33182,3170
33187,3171
33205,3172
33225,3173
33240,3174
33242,3175
33248,3176
33264,3177
33282,3178
33295,3179
33315,3180
33331,3181
33340,3182
33356,3183
33364,3184
33383,3185
33389,3186
33404,3187
33405,3188
33407,3189
33418,3190
33425,3191
33434,3192
33449,3193
33454,3194
33474,3195
33477,3196
33481,3197
33490,3198
33504,3199
33523,3200
33525,3201
33543,3202
33551,3203
33564,3204
33582,3205
33593,3206
33596,3207
33611,3208
33625,3209
33639,3210
33656,3211
33665,3212
33676,3213
33680,3214
33700,3215
33713,3216
33724,3217
33725,3218
33729,3219
33747,3220
33764,3221
33769,3222
33775,3223
33777,3224
33778,3225
33792,3226
33805,3227
33815,3228
33827,3229
33841,3230
33848,3231
33856,3232
33869,3233
33874,3234
33889,3235
33896,3236
33912,3237
33930,3238
33948,3239
33958,3240
33966,3241
33985,3242
33987,3243
33999,3244
34000,3245
34014,3246
34026,3247
34041,3248
34047,3249
34049,3250
34054,3251
34072,3252
34083,3253
34094,3254
34107,3255
34117,3256
34119,3257
34137,3258
34146,3259
34148,3260
34153,3261
34154,3262
34172,3263
34192,3264
34202,3265
34206,3266
34224,3267
34236,3268
34240,3269
34241,3270
34255,3271
34257,3272
34265,3273
34283,3274
34287,3275
34300,3276
34302,3277
34316,3278
34319,3279
34326,3280
34343,3281
34362,3282
34365,3283
34380,3284
34398,3285
34405,3286
34410,3287
34414,3288
34424,3289
34436,3290
34451,3291
34464,3292
34466,3293
34485,3294
34489,3295
34499,3296
34501,3297
34516,3298
34534,3299
34552,3300
34569,3301
34586,3302
34597,3303
34604,3304
34610,3305
34627,3306
34634,3307
34636,3308
34656,3309
34658,3310
34670,3311
34688,3312
34701,3313
34711,3314
34719,3315
34724,3316
34729,3317
34746,3318
34759,3319
34773,3320
34788,3321
34804,3322
34820,3323
34839,3324
34857,3325
34861,3326
34874,3327
34886,3328
34894,3329
34909,3330
34916,3331
34927,3332
34946,3333
34949,3334
34955,3335
34970,3336
34979,3337
34985,3338
34999,3339
35011,3340
35028,3341
35031,3342
35044,3343
35047,3344
35050,3345
35052,3346
35072,3347
35076,3348
35090,3349
35095,3350
35107,3351
35118,3352
35122,3353
35130,3354
35136,3355
35145,3356
35164,3357
35184,3358
35199,3359
35210,3360
35226,3361
35235,3362
35250,3363
35268,3364
35287,3365
35291,3366
35308,3367
35322,3368
35329,3369
35343,3370
35346,3371
35363,3372
35379,3373
35393,3374
35406,3375
35425,3376
35442,3377
35453,3378
35462,3379
35481,3380
35488,3381
35501,3382
35514,3383
35527,3384
35529,3385
35548,3386
35564,3387
35582,3388
35598,3389
35599,3390
35608,3391
35613,3392
35615,3393
35620,3394
35622,3395
35640,3396
35647,3397
35650,3398
35653,3399
35666,3400
35684,3401
35694,3402
35710,3403
35728,3404
35741,3405
35750,3406
35759,3407
35773,3408
35791,3409
35801,3410
35806,3411
35819,3412
35829,3413
35835,3414
35841,3415
35853,3416
35863,3417
35877,3418
35897,3419
35899,3420
35915,3421
35926,3422
35929,3423
35940,3424
35956,3425
35967,3426
35971,3427
35980,3428
35996,3429
36004,3430
36014,3431
36015,3432
36029,3433
36031,3434
36033,3435
36041,3436
36042,3437
36060,3438
36072,3439
36088,3440
36094,3441
36114,3442
36117,3443
36129,3444
36130,3445
36139,3446
36142,3447
36150,3448
36154,3449
36171,3450
36179,3451
36189,3452
36208,3453
36209,3454
36217,3455
36226,3456
36239,3457
36249,3458
36265,3459
36285,3460
36302,3461
36306,3462
36315,3463
36321,3464
36322,3465
36333,3466
36345,3467
36349,3468
36366,3469
36377,3470
36395,3471
36398,3472
36416,3473
36431,3474
36436,3475
36451,3476
36462,3477
36480,3478
36495,3479
36506,3480
36507,3481
36518,3482
36521,3483
36539,3484
36549,3485
36565,3486
36566,3487
36572,3488
36591,3489
36608,3490
36622,3491
36640,3492
36641,3493
36645,3494
36650,3495
36664,3496
36671,3497
36678,3498
36680,3499
36689,3500
36703,3501
36711,3502
36730,3503
36734,3504
36743,3505
36748,3506
36763,3507
36765,3508
36772,3509
36777,3510
36794,3511
36803,3512
36813,3513
36816,3514
36835,3515
36854,3516
36871,3517
36890,3518
36910,3519
36916,3520
36924,3521
36933,3522
36940,3523
36954,3524
36958,3525
36959,3526
36975,3527
36985,3528
37001,3529
37021,3530
37039,3531
37055,3532
37071,3533
37080,3534
37098,3535
37113,3536
37122,3537
37123,3538
37142,3539
37157,3540
37166,3541
37172,3542
37181,3543
37200,3544
37205,3545
37224,3546
37241,3547
37245,3548
37258,3549
37260,3550
37268,3551
37273,3552
37277,3553
37280,3554
37288,3555
37291,3556
37297,3557
37313,3558
37318,3559
37319,3560
37331,3561
37333,3562
37337,3563
37340,3564
37348,3565
37353,3566
37364,3567
37378,3568
37387,3569
37396,3570
37412,3571
37421,3572
37422,3573
37423,3574
37437,3575
37457,3576
37474,3577
37475,3578
37485,3579
37495,3580
37496,3581
37504,3582
37510,3583
37529,3584
37542,3585
37549,3586
37550,3587
37556,3588
37572,3589
37573,3590
37592,3591
37611,3592
37626,3593
37628,3594
37631,3595
37648,3596
37652,3597
37668,3598
37679,3599
37699,3600
37704,3601
37723,3602
37729,3603
37735,3604
37737,3605
37739,3606
37743,3607
37752,3608
37766,3609
37769,3610
37779,3611
37796,3612
37797,3613
37814,3614
37818,3615
37838,3616
37849,3617
37859,3618
37877,3619
37896,3620
37901,3621
37904,3622
37924,3623
37939,3624
37956,3625
37973,3626
37983,3627
38000,3628
38017,3629
38019,3630
38032,3631
38049,3632
38053,3633
38060,3634
38076,3635
38086,3636
38095,3637
38106,3638
38108,3639
38117,3640
38119,3641
38125,3642
38137,3643
38156,3644
38170,3645
38178,3646
38193,3647
38203,3648
38212,3649
38223,3650
38234,3651
38247,3652
38256,3653
38263,3654
38264,3655
38284,3656
38289,3657
38303,3658
38313,3659
38329,3660
38330,3661
38350,3662
38362,3663
38382,3664
38399,3665
38401,3666
38404,3667
38412,3668
38431,3669
38443,3670
38459,3671
38464,3672
38469,3673
38475,3674
38489,3675
38493,3676
38508,3677
38518,3678
38521,3679
38533,3680
38540,3681
38546,3682
38565,3683
38585,3684
38602,3685
38615,3686
38619,3687
38624,3688
38644,3689
38655,3690
38661,3691
38670,3692
38682,3693
38687,3694
38689,3695
38698,3696
38710,3697
38718,3698
38730,3699
38734,3700
38749,3701
38759,3702
38774,3703
38789,3704
38793,3705
38805,3706
38806,3707
38813,3708
38827,3709
38837,3710
38845,3711
38849,3712
38857,3713
38861,3714
38873,3715
38879,3716
38890,3717
38898,3718
38913,3719
38920,3720
38924,3721
38943,3722
38962,3723
38973,3724
38975,3725
38979,3726
38984,3727
38998,3728
39004,3729
39016,3730
39026,3731
39031,3732
39044,3733
39051,3734
39066,3735
39078,3736
39087,3737
39099,3738
39117,3739
39133,3740
39137,3741
39146,3742
39165,3743
39181,3744
39200,3745
39216,3746
39227,3747
39233,3748
39250,3749
39256,3750
39264,3751
39283,3752
39292,3753
39299,3754
39315,3755
39319,3756
39322,3757
39331,3758
39350,3759
39364,3760
39381,3761
39384,3762
39394,3763
39413,3764
39420,3765
39429,3766
39436,3767
39455,3768
39460,3769
39470,3770
39488,3771
39500,3772
39506,3773
39510,3774
39511,3775
39529,3776
39537,3777
39548,3778
39559,3779
39562,3780
39582,3781
39594,3782
39614,3783
39629,3784
39641,3785
39644,3786
39651,3787
39656,3788
39663,3789
39681,3790
39691,3791
39710,3792
39716,3793
39728,3794
39733,3795
39742,3796
39761,3797
39767,3798
39781,3799
39798,3800
39805,3801
39813,3802
39820,3803
39827,3804
39844,3805
39854,3806
39862,3807
39877,3808
39880,3809
39890,3810
39897,3811
39903,3812
39922,3813
39929,3814
39939,3815
39952,3816
39961,3817
39979,3818
39996,3819
40004,3820
40024,3821
40034,3822
40039,3823
40049,3824
40065,3825
40076,3826
40096,3827
40116,3828
40133,3829
40150,3830
40157,3831
40175,3832
40188,3833
40203,3834
40218,3835
40230,3836
40245,3837
40265,3838
40276,3839
40295,3840
40311,3841
40326,3842
40340,3843
40346,3844
40366,3845
40386,3846
40392,3847
40401,3848
40410,3849
40428,3850
40448,3851
40468,3852
40488,3853
40505,3854
40509,3855
40527,3856
40535,3857
40547,3858
40558,3859
40572,3860
40592,3861
40593,3862
40595,3863
40605,3864
40609,3865
40617,3866
40631,3867
40633,3868
40647,3869
40661,3870
40674,3871
40692,3872
40693,3873
40701,3874
40710,3875
40711,3876
40728,3877
40739,3878
40743,3879
40747,3880
40764,3881
40771,3882
40785,3883
40802,3884
40822,3885
40833,3886
40845,3887
40861,3888
40868,3889
40873,3890
40885,3891
40897,3892
40906,3893
40907,3894
40924,3895
40928,3896
40945,3897
40962,3898
40981,3899
40982,3900
40989,3901
40990,3902
41007,3903
41016,3904
41031,3905
41034,3906
41048,3907
41067,3908
41073,3909
41074,3910
41091,3911
41094,3912
41113,3913
41117,3914
41134,3915
41136,3916
41142,3917
41146,3918
41154,3919
41168,3920
41181,3921
41200,3922
41204,3923
41213,3924
41217,3925
41226,3926
41232,3927
41237,3928
41243,3929
41245,3930
41248,3931
41259,3932
41260,3933
41276,3934
41294,3935
41308,3936
41324,3937
41341,3938
41349,3939
41363,3940
41368,3941
41373,3942
41376,3943
41383,3944
41403,3945
41416,3946
41429,3947
41442,3948
41457,3949
41462,3950
41467,3951
41485,3952
41487,3953
41506,3954
41519,3955
41532,3956
41534,3957
41535,3958
41547,3959
41554,3960
41568,3961
41580,3962
41599,3963
41619,3964
41633,3965
41651,3966
41657,3967
41663,3968
41671,3969
41678,3970
41693,3971
41698,3972
41702,3973
41713,3974
41726,3975
41738,3976
41757,3977
41760,3978
41761,3979
41774,3980
41776,3981
41794,3982
41807,3983
41815,3984
41820,3985
41838,3986
41848,3987
41850,3988
41863,3989
41881,3990
41888,3991
41890,3992
41895,3993
41899,3994
41905,3995
41918,3996
41929,3997
41932,3998
41938,3999
41955,4000
41972,4001
41990,4002
41999,4003
42017,4004
42018,4005
42022,4006
42026,4007
42037,4008
42045,4009
42046,4010
42049,4011
42065,4012
42084,4013
42100,4014
42118,4015
42138,4016
42147,4017
42162,4018
42173,4019
42182,4020
42185,4021
42186,4022
42190,4023
42194,4024
42196,4025
42216,4026
42224,4027
42229,4028
42247,4029
42248,4030
42265,4031
42285,4032
42296,4033
42304,4034
42310,4035
42328,4036
42329,4037
42331,4038
42350,4039
42351,4040
42370,4041
42373,4042
42376,4043
42394,4044
42395,4045
42399,4046
42402,4047
42407,4048
42409,4049
42427,4050
42439,4051
42458,4052
42465,4053
42481,4054
42489,4055
42497,4056
42505,4057
42521,4058
42540,4059
42556,4060
42566,4061
42575,4062
42583,4063
42584,4064
42591,4065
42592,4066
42600,4067
42609,4068
42626,4069
42630,4070
42641,4071
42656,4072
42674,4073
42675,4074
42676,4075
42678,4076
42690,4077
42691,4078
42695,4079
42702,4080
42711,4081
42727,4082
42730,4083
42745,4084
42753,4085
42765,4086
42767,4087
42779,4088
42784,4089
42799,4090
42802,4091
42815,4092
42822,4093
42831,4094
42833,4095
42846,4096
42862,4097
42865,4098
42874,4099
42875,4100
42884,4101
42903,4102
42917,4103
42924,4104
42927,4105
42935,4106
42943,4107
42945,4108
42953,4109
42973,4110
42993,4111
43013,4112
43031,4113
43035,4114
43048,4115
43052,4116
43063,4117
43065,4118
43079,4119
43091,4120
43110,4121
43112,4122
43132,4123
43147,4124
43165,4125
43179,4126
43197,4127
43213,4128
43227,4129
43231,4130
43246,4131
43257,4132
43265,4133
43268,4134
43274,4135
43281,4136
43297,4137
43304,4138
43312,4139
43313,4140
43329,4141
43336,4142
43350,4143
43362,4144
43366,4145
43378,4146
43386,4147
43404,4148
43419,4149
43431,4150
43446,4151
43448,4152
43467,4153
43486,4154
43503,4155
43520,4156
43531,4157
43543,4158
43558,4159
43574,4160
43586,4161
43596,4162
43606,4163
43619,4164
43628,4165
43648,4166
43658,4167
43668,4168
43680,4169
43689,4170
43705,4171
43709,4172
43718,4173
43732,4174
43752,4175
43771,4176
43782,4177
43791,4178
43800,4179
43815,4180
43833,4181
43849,4182
43858,4183
43873,4184
43893,4185
43894,4186
43896,4187
43911,4188
43930,4189
43939,4190
43957,4191
43967,4192
43977,4193
43985,4194
44004,4195
44017,4196
44020,4197
44026,4198
44030,4199
44032,4200
44037,4201
44039,4202
44052,4203
44063,4204
44078,4205
44079,4206
44095,4207
44110,4208
44128,4209
44134,4210
44153,4211
44157,4212
44172,4213
44183,4214
44187,4215
44192,4216
44199,4217
44216,4218
44232,4219
44236,4220
44246,4221
44247,4222
44266,4223
44273,4224
44274,4225
44281,4226
44291,4227
44294,4228
44298,4229
44309,4230
44313,4231
44316,4232
44323,4233
44343,4234
44349,4235
44363,4236
44368,4237
44380,4238
44394,4239
44404,4240
44414,4241
44426,4242
44432,4243
44451,4244
44460,4245
44474,4246
44491,4247
44506,4248
44514,4249
44523,4250
44524,4251
44527,4252
44542,4253
44544,4254
44547,4255
44567,4256
44582,4257
44596,4258
44602,4259
44604,4260
44614,4261
44622,4262
44623,4263
44635,4264
44642,4265
44647,4266
44652,4267
44665,4268
44680,4269
44698,4270
44714,4271
44724,4272
44736,4273
44750,4274
44764,4275
44774,4276
44786,4277
44793,4278
44801,4279
44809,4280
44825,4281
44829,4282
44834,4283
44848,4284
44865,4285
44881,4286
44886,4287
44888,4288
44896,4289
44905,4290
44910,4291
44922,4292
44923,4293
44926,4294
44941,4295
44943,4296
44952,4297
44955,4298
44972,4299
44979,4300
44990,4301
44995,4302
45001,4303
45018,4304
45024,4305
45044,4306
45055,4307
45064,4308
45066,4309
45072,4310
45082,4311
45089,4312
45091,4313
45103,4314
45121,4315
45137,4316
45151,4317
45166,4318
45172,4319
45174,4320
45182,4321
45200,4322
45217,4323
45225,4324
45236,4325
45242,4326
45254,4327
45259,4328
45264,4329
45284,4330
45302,4331
45317,4332
45321,4333
45332,4334
45339,4335
45347,4336
45366,4337
45382,4338
45386,4339
45400,4340
45404,4341
45424,4342
45425,4343
45430,4344
45444,4345
45448,4346
45460,4347
45476,4348
45495,4349
45501,4350
45520,4351
45532,4352
45549,4353
45556,4354
45566,4355
45579,4356
45580,4357
45591,4358
45598,4359
45615,4360
45622,4361
45635,4362
45651,4363
45653,4364
45659,4365
45672,4366
45685,4367
45693,4368
45710,4369
45712,4370
45720,4371
45736,4372
45740,4373
45746,4374
45754,4375
45762,4376
45775,4377
45777,4378
45792,4379
45803,4380
45810,4381
45827,4382
45836,4383
45852,4384
45863,4385
45867,4386
45882,4387
45883,4388
45888,4389
45891,4390
45907,4391
45910,4392
45915,4393
45925,4394
45934,4395
45951,4396
45969,4397
45983,4398
46002,4399
46011,4400
46022,4401
46023,4402
46027,4403
46042,4404
46061,4405
46078,4406
46098,4407
46118,4408
46125,4409
46144,4410
46146,4411
46164,4412
46181,4413
46183,4414
46200,4415
46214,4416
46218,4417
46221,4418
46233,4419
46238,4420
46247,4421
46260,4422
46267,4423
46282,4424
46296,4425
46300,4426
46306,4427
46320,4428
46334,4429
46341,4430
46354,4431
46374,4432
46393,4433
46409,4434
46428,4435
46435,4436
46440,4437
46447,4438
46451,4439
46456,4440
46473,4441
46474,4442
46489,4443
46508,4444
46515,4445
46522,4446
46540,4447
46557,4448
46574,4449
46584,4450
46598,4451
46606,4452
46626,4453
46631,4454
46636,4455
46650,4456
46665,4457
46679,4458
46698,4459
46713,4460
46718,4461
46733,4462
46747,4463
46765,4464
46781,4465
46783,4466
46794,4467
46800,4468
46819,4469
46823,4470
46837,4471
46840,4472
46846,4473
46866,4474
46875,4475
46880,4476
46898,4477
46914,4478
46915,4479
46922,4480
46939,4481
46947,4482
46967,4483
46971,4484
46978,4485
46983,4486
46997,4487
47016,4488
47034,4489
47044,4490
47060,4491
47061,4492
47067,4493
47082,4494
47084,4495
47092,4496
47106,4497
47125,4498
47141,4499
47159,4500
47175,4501
47177,4502
47183,4503
47199,4504
47201,4505
47215,4506
47229,4507
47232,4508
47238,4509
47253,4510
47271,4511
47284,4512
47298,4513
47299,4514
47315,4515
47318,4516
47336,4517
47354,4518
47356,4519
47373,4520
47390,4521
47401,4522
47418,4523
47424,4524
47430,4525
47445,4526
47449,4527
47464,4528
47476,4529
47478,4530
47479,4531
47481,4532
47498,4533
47505,4534
47514,4535
47525,4536
47537,4537
47543,4538
47545,4539
47556,4540
47559,4541
47577,4542
47591,4543
47605,4544
47611,4545
47629,4546
47631,4547
47632,4548
47638,4549
47652,4550
47667,4551
47671,4552
47678,4553
47682,4554
47684,4555
47699,4556
47717,4557
47723,4558
47741,4559
47749,4560
47767,4561
47786,4562
47791,4563
47810,4564
47826,4565
47831,4566
47842,4567
47856,4568
47859,4569
47864,4570
47874,4571
47882,4572
47890,4573
47907,4574
47918,4575
47938,4576
47956,4577
47975,4578
47993,4579
48008,4580
48012,4581
48018,4582
48037,4583
48054,4584
48060,4585
48064,4586
48069,4587
48070,4588
48083,4589
48093,4590
48108,4591
48121,4592
48131,4593
48133,4594
48151,4595
48160,4596
48170,4597
48171,4598
48185,4599
48199,4600
48212,4601
48216,4602
48220,4603
48226,4604
48235,4605
48247,4606
48263,4607
48265,4608
48270,4609
48278,4610
48290,4611
48306,4612
48317,4613
48333,4614
48352,4615
48371,4616
48379,4617
48394,4618
48412,4619
48424,4620
48426,4621
48446,4622
48450,4623
48460,4624
48465,4625
48480,4626
48492,4627
48504,4628
48506,4629
48520,4630
48533,4631
48553,4632
48563,4633
48581,4634
48589,4635
48604,4636
48619,4637
48630,4638
48645,4639
48656,4640
48668,4641
48685,4642
48689,4643
48691,4644
48696,4645
48707,4646
48717,4647
48728,4648
48747,4649
48758,4650
48768,4651
48777,4652
48788,4653
48805,4654
48820,4655
48840,4656
48857,4657
48871,4658
48879,4659
48888,4660
48900,4661
48916,4662
48925,4663
48945,4664
48963,4665
48983,4666
49003,4667
49008,4668
49027,4669
49028,4670
49033,4671
49040,4672
49041,4673
49042,4674
49057,4675
49060,4676
49071,4677
49079,4678
49086,4679
49102,4680
49116,4681
49120,4682
49128,4683
49133,4684
49139,4685
49145,4686
49150,4687
49158,4688
49165,4689
49170,4690
49185,4691
49201,4692
49205,4693
49206,4694
49208,4695
49223,4696
49235,4697
49253,4698
49270,4699
49288,4700
49303,4701
49318,4702
49336,4703
49355,4704
49360,4705
49366,4706
49376,4707
49393,4708
49410,4709
49423,4710
49436,4711
49448,4712
49465,4713
49469,4714
49485,4715
49490,4716
49491,4717
49499,4718
49513,4719
49528,4720
49543,4721
49559,4722
49561,4723
49570,4724
49582,4725
49593,4726
49595,4727
49613,4728
49626,4729
49628,4730
49637,4731
49653,4732
49671,4733
49684,4734
49691,4735
49699,4736
49718,4737
49727,4738
49742,4739
49744,4740
49750,4741
49751,4742
49767,4743
49779,4744
49784,4745
49788,4746
49789,4747
49803,4748
49814,4749
49834,4750
49852,4751
49854,4752
49862,4753
49878,4754
49885,4755
49901,4756
49906,4757
49914,4758
49918,4759
49920,4760
49926,4761
49940,4762
49943,4763
49944,4764
49955,4765
49961,4766
49975,4767
49987,4768
49989,4769
49994,4770
50012,4771
50021,4772
50036,4773
50041,4774
50058,4775
50063,4776
50082,4777
50092,4778
50102,4779
50122,4780
50131,4781
50148,4782
50161,4783
50180,4784
50193,4785
50205,4786
50221,4787
50238,4788
50254,4789
50266,4790
50278,4791
50292,4792
50308,4793
50317,4794
50322,4795
50325,4796
50335,4797
50351,4798
50369,4799
50373,4800
50393,4801
50402,4802
50421,4803
50427,4804
50443,4805
50455,4806
50460,4807
50472,4808
50488,4809
50505,4810
50519,4811
50539,4812
50558,4813
50563,4814
50582,4815
50588,4816
50598,4817
50618,4818
50628,4819
50634,4820
50636,4821
50637,4822
50651,4823
50668,4824
50673,4825
50677,4826
50695,4827
50701,4828
50711,4829
50719,4830
50726,4831
50727,4832
50741,4833
50756,4834
50762,4835
50777,4836
50781,4837
50789,4838
50809,4839
50822,4840
50831,4841
50847,4842
50855,4843
50867,4844
50875,4845
50890,4846
50904,4847
50907,4848
50910,4849
50920,4850
50931,4851
50942,4852
50955,4853
50961,4854
50970,4855
50988,4856
51007,4857
51013,4858
51022,4859
51033,4860
51043,4861
51062,4862
51063,4863
51077,4864
51083,4865
51085,4866
51098,4867
51110,4868
51124,4869
51136,4870
51153,4871
51170,4872
51177,4873
51185,4874
51196,4875
51212,4876
51222,4877
51230,4878
51248,4879
51266,4880
51286,4881
51301,4882
51315,4883
51321,4884
51331,4885
51351,4886
51370,4887
51384,4888
51390,4889
51397,4890
51403,4891
51409,4892
51426,4893
51436,4894
51437,4895
51442,4896
51447,4897
51456,4898
51470,4899
51486,4900
51500,4901
51509,4902
51525,4903
51528,4904
51533,4905
51546,4906
51555,4907
51568,4908
51569,4909
51577,4910
51579,4911
51586,4912
51587,4913
51599,4914
51615,4915
51630,4916
51640,4917
51658,4918
51674,4919
51678,4920
51691,4921
51704,4922
51706,4923
51715,4924
51731,4925
51751,4926
51758,4927
51764,4928
51780,4929
51790,4930
51805,4931
51809,4932
51821,4933
51835,4934
51848,4935
51868,4936
51884,4937
51885,4938
51898,4939
51918,4940
51936,4941
51946,4942
51962,4943
51972,4944
51987,4945
51996,4946
52007,4947
52025,4948
52032,4949
52037,4950
52053,4951
52058,4952
52060,4953
52067,4954
52087,4955
52095,4956
52115,4957
52126,4958
52141,4959
52142,4960
52156,4961
52160,4962
52167,4963
52183,4964
52184,4965
52190,4966
52196,4967
52207,4968
52222,4969
52228,4970
52236,4971
52246,4972
52257,4973
52258,4974
52271,4975
52273,4976
52276,4977
52284,4978
52287,4979
52290,4980
52304,4981
52314,4982
52315,4983
52321,4984
52333,4985
52353,4986
52371,4987
52388,4988
52391,4989
52398,4990
52413,4991
52426,4992
52427,4993
52443,4994
52453,4995
52471,4996
52491,4997
52506,4998
52513,4999
