12,0
14,1
29,2
48,3
50,4
57,5
75,6
77,7
96,8
113,9
116,10
133,11
136,12
149,13
156,14
168,15
181,16
194,17
202,18
203,19
209,20
219,21
234,22
244,23
256,24
258,25
272,26
288,27
302,28
304,29
324,30
338,31
340,32
351,33
362,34
366,35
376,36
377,37
395,38
415,39
429,40
440,41
452,42
463,43
470,44
471,45
480,46
482,47
501,48
503,49
513,50
516,51
518,52
521,53
523,54
532,55
552,56
558,57
569,58
585,59
605,60
610,61
620,62
622,63
639,64
642,65
653,66
660,67
661,68
671,69
684,70
687,71
700,72
713,73
731,74
738,75
752,76
759,77
762,78
782,79
791,80
796,81
805,82
821,83
841,84
853,85
854,86
869,87
882,88
894,89
899,90
902,91
904,92
906,93
921,94
931,95
947,96
961,97
976,98
996,99
997,100
1014,101
1032,102
1050,103
1061,104
1071,105
1080,106
1093,107
1098,108
1106,109
1114,110
1120,111
1136,112
1150,113
1162,114
1175,115
1187,116
1203,117
1222,118
1236,119
1244,120
1245,121
1250,122
1253,123
1262,124
1277,125
1285,126
1302,127
1310,128
1322,129
1328,130
1338,131
1340,132
1346,133
1352,134
1356,135
1359,136
1363,137
1374,138
1384,139
1398,140
1410,141
1419,142
1426,143
1428,144
1440,145
1445,146
1459,147
1465,148
1470,149
1488,150
1497,151
1511,152
1516,153
1532,154
1541,155
1552,156
1560,157
1568,158
1575,159
1587,160
1588,161
1596,162
1610,163
1618,164
1630,165
1647,166
1660,167
1674,168
1689,169
1697,170
1709,171
1721,172
1738,173
1755,174
1768,175
1771,176
1778,177
1785,178
1793,179
1796,180
1811,181
1814,182
1829,183
1840,184
1855,185
1864,186
1871,187
1887,188
1899,189
1906,190
1920,191
1924,192
1943,193
1944,194
1961,195
1973,196
1979,197
1996,198
2007,199
2019,200
2027,201
2037,202
2049,203
2066,204
2068,205
2081,206
2093,207
2101,208
2103,209
2111,210
2126,211
2136,212
2150,213
2154,214
2158,215
2167,216
2187,217
2201,218
2209,219
2218,220
2237,221
2254,222
2258,223
2269,224
2277,225
2279,226
2294,227
2298,228
2317,229
2330,230
2347,231
2367,232
2368,233
2369,234
2370,235
2387,236
2405,237
2412,238
2431,239
2443,240
2454,241
2460,242
2477,243
2485,244
2503,245
2506,246
2514,247
2522,248
2527,249
2545,250
2555,251
2558,252
2564,253
2574,254
2594,255
2605,256
2619,257
2632,258
2635,259
2637,260
2646,261
2665,262
2683,263
2693,264
2711,265
2727,266
2739,267
2740,268
2748,269
2762,270
2766,271
2781,272
2796,273
2814,274
2829,275
2845,276
2848,277
2867,278
2871,279
2877,280
2881,281
2885,282
2905,283
2915,284
2919,285
2927,286
2934,287
2938,288
2957,289
2961,290
2970,291
2980,292
2984,293
2986,294
2987,295
2988,296
2999,297
3000,298
3006,299
3015,300
3017,301
3033,302
3049,303
3068,304
3069,305
3088,306
3108,307
3116,308
3129,309
3140,310
3150,311
3151,312
3166,313
3169,314
3185,315
3194,316
3210,317
3217,318
3225,319
3242,320
3254,321
3258,322
3264,323
3275,324
3291,325
3292,326
3293,327
3302,328
3305,329
3311,330
3322,331
3341,332
3347,333
3367,334
3378,335
3379,336
3384,337
3395,338
3399,339
3405,340
3425,341
3439,342
3459,343
3463,344
3470,345
3472,346
3476,347
3491,348
3496,349
3514,350
3532,351
3550,352
3569,353
3575,354
3583,355
3597,356
3610,357
3612,358
3613,359
3627,360
3647,361
3649,362
3651,363
3664,364
3669,365
3680,366
3684,367
3695,368
3703,369
3720,370
3725,371
3739,372
3752,373
3762,374
3775,375
3794,376
3811,377
3829,378
3830,379
3842,380
3844,381
3850,382
3859,383
3867,384
3887,385
3891,386
3903,387
3917,388
3919,389
3926,390
3945,391
3964,392
3965,393
3967,394
3970,395
3980,396
3983,397
3996,398
4010,399
4016,400
4029,401
4045,402
4051,403
4060,404
4080,405
4097,406
4112,407
4122,408
4131,409
4141,410
4146,411
4156,412
4165,413
4174,414
4193,415
4212,416
4217,417
4236,418
4237,419
4245,420
4255,421
4261,422
4266,423
4282,424
4300,425
4306,426
4319,427
4326,428
4339,429
4348,430
4362,431
4381,432
4401,433
4402,434
4416,435
4433,436
4442,437
4446,438
4453,439
4472,440
4473,441
4474,442
4490,443
4502,444
4509,445
4511,446
4526,447
4537,448
4557,449
4562,450
4575,451
4591,452
4592,453
4612,454
4614,455
4626,456
4638,457
4656,458
4674,459
4687,460
4701,461
4714,462
4715,463
4727,464
4735,465
4750,466
4767,467
4780,468
4800,469
4813,470
4816,471
4822,472
4827,473
4837,474
4838,475
4846,476
4852,477
4867,478
4887,479
4897,480
4905,481
4910,482
4914,483
4929,484
4947,485
4962,486
4972,487
4982,488
4994,489
5012,490
5025,491
5041,492
5043,493
5056,494
5063,495
5071,496
5073,497
5083,498
5091,499
5099,500
5118,501
5133,502
5135,503
5153,504
5154,505
5162,506
5165,507
5173,508
5182,509
5189,510
5190,511
5204,512
5219,513
5225,514
5238,515
5253,516
5254,517
5260,518
5271,519
5290,520
5306,521
5319,522
5327,523
5336,524
5337,525
5351,526
5354,527
5362,528
5379,529
5395,530
5408,531
5418,532
5432,533
5439,534
5458,535
5460,536
5462,537
5469,538
5471,539
5484,540
5497,541
5511,542
5517,543
5521,544
5541,545
5555,546
5564,547
5576,548
5589,549
5606,550
5623,551
5641,552
5650,553
5666,554
5679,555
5688,556
5702,557
5712,558
5716,559
5735,560
5754,561
5766,562
5778,563
5788,564
5792,565
5798,566
5813,567
5819,568
5835,569
5855,570
5871,571
5874,572
5877,573
5885,574
5897,575
5903,576
5909,577
5918,578
5928,579
5948,580
5959,581
5979,582
5980,583
5987,584
5995,585
6002,586
6015,587
6026,588
6043,589
6046,590
6058,591
6076,592
6086,593
6098,594
6115,595
6129,596
6136,597
6141,598
6146,599
6151,600
6171,601
6189,602
6209,603
6214,604
6219,605
6229,606
6238,607
6240,608
6254,609
6255,610
6265,611
6268,612
6275,613
6280,614
6289,615
6295,616
6303,617
6311,618
6328,619
6341,620
6356,621
6368,622
6378,623
6384,624
6391,625
6398,626
6402,627
6415,628
6422,629
6437,630
6453,631
6461,632
6475,633
6480,634
6499,635
6510,636
6514,637
6526,638
6538,639
6541,640
6548,641
6551,642
6557,643
6573,644
6590,645
6607,646
6615,647
6630,648
6650,649
6656,650
6658,651
6674,652
6692,653
6710,654
6727,655
6744,656
6751,657
6756,658
6766,659
6775,660
6777,661
6790,662
6807,663
6826,664
6844,665
6849,666
6867,667
6882,668
6897,669
6913,670
6919,671
6937,672
6940,673
6947,674
6959,675
6974,676
6990,677
6997,678
7005,679
7024,680
7035,681
7052,682
7068,683
7083,684
7101,685
7106,686
7120,687
7135,688
7139,689
7142,690
7150,691
7154,692
7161,693
7167,694
7176,695
7183,696
7195,697
7211,698
7225,699
7230,700
7233,701
7245,702
7259,703
7267,704
7273,705
7274,706
7284,707
7298,708
7306,709
7325,710
7335,711
7345,712
7358,713
7370,714
7382,715
7401,716
7410,717
7429,718
7436,719
7453,720
7463,721
7470,722
7489,723
7497,724
7500,725
7514,726
7522,727
7534,728
7546,729
7562,730
7564,731
7584,732
7588,733
7594,734
7605,735
7620,736
7628,737
7646,738
7663,739
7672,740
7689,741
7699,742
7705,743
7725,744
7726,745
7744,746
7756,747
7758,748
7772,749
7791,750
7810,751
7814,752
7822,753
7832,754
7834,755
7843,756
7848,757
7850,758
7851,759
7857,760
7873,761
7881,762
7883,763
7891,764
7900,765
7912,766
7931,767
7944,768
7954,769
7961,770
7965,771
7967,772
7974,773
7985,774
7994,775
8004,776
8006,777
8017,778
8034,779
8039,780
8053,781
8063,782
8074,783
8090,784
8100,785
8116,786
8132,787
8137,788
8148,789
8160,790
8173,791
8191,792
8208,793
8217,794
8222,795
8231,796
8243,797
8259,798
8272,799
8291,800
8309,801
8318,802
8336,803
8356,804
8372,805
8388,806
8406,807
8417,808
8426,809
8436,810
8453,811
8459,812
8472,813
8488,814
8492,815
8507,816
8526,817
8542,818
8557,819
8569,820
8579,821
8585,822
8591,823
8598,824
8609,825
8625,826
8626,827
8640,828
8648,829
8657,830
8666,831
8669,832
8688,833
8707,834
8724,835
8738,836
8754,837
8764,838
8782,839
8800,840
8820,841
8836,842
8846,843
8851,844
8868,845
8876,846
8889,847
8909,848
8920,849
8929,850
8945,851
8957,852
8971,853
8981,854
8995,855
9008,856
9020,857
9022,858
9042,859
9047,860
9053,861
9063,862
9079,863
9093,864
9103,865
9115,866
9124,867
9126,868
9138,869
9146,870
9164,871
9168,872
9177,873
9178,874
9179,875
9184,876
9194,877
9210,878
9214,879
9226,880
9233,881
9253,882
9260,883
9267,884
9280,885
9293,886
9296,887
9308,888
9319,889
9333,890
9336,891
9351,892
9362,893
9367,894
9375,895
9388,896
9406,897
9410,898
9422,899
9435,900
9454,901
9458,902
9462,903
9463,904
9477,905
9495,906
9508,907
9515,908
9517,909
9535,910
9554,911
9569,912
9586,913
9603,914
9605,915
9623,916
9636,917
9649,918
9657,919
9662,920
9663,921
9671,922
9681,923
9690,924
9702,925
9710,926
9729,927
9744,928
9748,929
9752,930
9761,931
9779,932
9786,933
9802,934
9818,935
9824,936
9838,937
9858,938
9859,939
9873,940
9877,941
9886,942
9901,943
9907,944
9927,945
9942,946
9951,947
9970,948
9980,949
9989,950
10008,951
10016,952
10027,953
10032,954
10038,955
10051,956
10063,957
10069,958
10084,959
10087,960
10104,961
10108,962
10115,963
10119,964
10125,965
10139,966
10155,967
10175,968
10181,969
10182,970
10189,971
10201,972
10217,973
10235,974
10239,975
10242,976
10253,977
10266,978
10272,979
10274,980
10293,981
10304,982
10307,983
10311,984
10321,985
10324,986
10334,987
10341,988
10356,989
10366,990
10372,991
10375,992
10379,993
10397,994
10413,995
10414,996
10428,997
10430,998
10450,999
10468,1000
10475,1001
10477,1002
10487,1003
10497,1004
10513,1005
10514,1006
10526,1007
10546,1008
10549,1009
10558,1010
10573,1011
10580,1012
10586,1013
10594,1014
10608,1015
10621,1016
10639,1017
10657,1018
10665,1019
10670,1020
10677,1021
10686,1022
10691,1023
10701,1024
10707,1025
10727,1026
10736,1027
10742,1028
10753,1029
10755,1030
10773,1031
10791,1032
10810,1033
10827,1034
10832,1035
10837,1036
10838,1037
10841,1038
10854,1039
10860,1040
10874,1041
10885,1042
10896,1043
10897,1044
10916,1045
10936,1046
10956,1047
10959,1048
10960,1049
10964,1050
10979,1051
10993,1052
11000,1053
11004,1054
11016,1055
11032,1056
11044,1057
11056,1058
11068,1059
11082,1060
11087,1061
11094,1062
11113,1063
11114,1064
11115,1065
11119,1066
11139,1067
11147,1068
11151,1069
11153,1070
11158,1071
11162,1072
11174,1073
11176,1074
11187,1075
11201,1076
11217,1077
11234,1078
11254,1079
11259,1080
11265,1081
11267,1082
11275,1083
11290,1084
11296,1085
11299,1086
11308,1087
11313,1088
11323,1089
11328,1090
11330,1091
11350,1092
11363,1093
11375,1094
11383,1095
11395,1096
11396,1097
11398,1098
11409,1099
11416,1100
11436,1101
11445,1102
11458,1103
11470,1104
11476,1105
11495,1106
11515,1107
11532,1108
11542,1109
11549,1110
11552,1111
11567,1112
11575,1113
11586,1114
11604,1115
11607,1116
11617,1117
11633,1118
11650,1119
11658,1120
11675,1121
11691,1122
11704,1123
11716,1124
11718,1125
11719,1126
11733,1127
11737,1128
11751,1129
11755,1130
11768,1131
11787,1132
11803,1133
11813,1134
11822,1135
11837,1136
11838,1137
11839,1138
11854,1139
11870,1140
11881,1141
11896,1142
11915,1143
11935,1144
11938,1145
11955,1146
11966,1147
11974,1148
11979,1149
11999,1150
12019,1151
12034,1152
12043,1153
12047,1154
12060,1155
12063,1156
12070,1157
12071,1158
12084,1159
12098,1160
12118,1161
12122,1162
12142,1163
12148,1164
12162,1165
12167,1166
12179,1167
12184,1168
12185,1169
12203,1170
12206,1171
12213,1172
12216,1173
12219,1174
12230,1175
12245,1176
12256,1177
12271,1178
12277,1179
12288,1180
12289,1181
12303,1182
12317,1183
12330,1184
12346,1185
12348,1186
12349,1187
12358,1188
12361,1189
12375,1190
12380,1191
12400,1192
12401,1193
12419,1194
12439,1195
12440,1196
12443,1197
12462,1198
12472,1199
12473,1200
12479,1201
12480,1202
12494,1203
12513,1204
12524,1205
12542,1206
12558,1207
12567,1208
12570,1209
12580,1210
12584,1211
12593,1212
12607,1213
12610,1214
12628,1215
12638,1216
12653,1217
12666,1218
12667,1219
12675,1220
12687,1221
12704,1222
12707,1223
12715,1224
12728,1225
12738,1226
12746,1227
12758,1228
12775,1229
12782,1230
12791,1231
12792,1232
12811,1233
12815,1234
12821,1235
12836,1236
12848,1237
12854,1238
12867,1239
12873,1240
12886,1241
12899,1242
12901,1243
12910,1244
12919,1245
12923,1246
12939,1247
12943,1248
12946,1249
12955,1250
12958,1251
12977,1252
12981,1253
12982,1254
12991,1255
12996,1256
13015,1257
13022,1258
13035,1259
13055,1260
13065,1261
13075,1262
13076,1263
13080,1264
13087,1265
13094,1266
13097,1267
13104,1268
13118,1269
13134,1270
13139,1271
13157,1272
13160,1273
13177,1274
13180,1275
13198,1276
13201,1277
13212,1278
13230,1279
13234,1280
13250,1281
13268,1282
13282,1283
13297,1284
13303,1285
13320,1286
13331,1287
13344,1288
13359,1289
13376,1290
13380,1291
13400,1292
13404,1293
13422,1294
13439,1295
13445,1296
13465,1297
13467,1298
13472,1299
13475,1300
13486,1301
13502,1302
13510,1303
13514,1304
13534,1305
13546,1306
13557,1307
13565,1308
13575,1309
13591,1310
13611,1311
13621,1312
13635,1313
13639,1314
13640,1315
13650,1316
13664,1317
13673,1318
13693,1319
13707,1320
13725,1321
13742,1322
13750,1323
13761,1324
13774,1325
13784,1326
13794,1327
13810,1328
13813,1329
13823,1330
13824,1331
13836,1332
13852,1333
13856,1334
13870,1335
13873,1336
13888,1337
13903,1338
13918,1339
13931,1340
13936,1341
13949,1342
13966,1343
13975,1344
13983,1345
13986,1346
13998,1347
14002,1348
14014,1349
14022,1350
14035,1351
14051,1352
14054,1353
14061,1354
14075,1355
14092,1356
14112,1357
14122,1358
14134,1359
14136,1360
14155,1361
14164,1362
14173,1363
14185,1364
14198,1365
14199,1366
14217,1367
14229,1368
14238,1369
14245,1370
14263,1371
14271,1372
14280,1373
14293,1374
14295,1375
14302,1376
14309,1377
14312,1378
14315,1379
14324,1380
14338,1381
14352,1382
14353,1383
14367,1384
14379,1385
14381,1386
14398,1387
14405,1388
14419,1389
14437,1390
14449,1391
14462,1392
14477,1393
14482,1394
14490,1395
14500,1396
14503,1397
14512,1398
14518,1399
14528,1400
14532,1401
14549,1402
14554,1403
14566,1404
14581,1405
14599,1406
14605,1407
14606,1408
14611,1409
14619,1410
14633,1411
14651,1412
14670,1413
14690,1414
14704,1415
14706,1416
14722,1417
14732,1418
14734,1419
14737,1420
14738,1421
14739,1422
14743,1423
14759,1424
14777,1425
14784,1426
14799,1427
14814,1428
14827,1429
14834,1430
14844,1431
14855,1432
14861,1433
14877,1434
14896,1435
14916,1436
14919,1437
14933,1438
14939,1439
14958,1440
14970,1441
14972,1442
14987,1443
14998,1444
15001,1445
15021,1446
15024,1447
15036,1448
15044,1449
15064,1450
15069,1451
15073,1452
15091,1453
15111,1454
15127,1455
15133,1456
15138,1457
15146,1458
15158,1459
15168,1460
15183,1461
15196,1462
15207,1463
15211,1464
15216,1465
15232,1466
15244,1467
15259,1468
15260,1469
15276,1470
15287,1471
15302,1472
15309,1473
15325,1474
15345,1475
15347,1476
15352,1477
15366,1478
15380,1479
15392,1480
15406,1481
15412,1482
15416,1483
15427,1484
15444,1485
15456,1486
15475,1487
15487,1488
15491,1489
15509,1490
15514,1491
15529,1492
15543,1493
15557,1494
15562,1495
15569,1496
15580,1497
15588,1498
15590,1499
15598,1500
15606,1501
15613,1502
15616,1503
15623,1504
15641,1505
15661,1506
15671,1507
15676,1508
15679,1509
15699,1510
15718,1511
15732,1512
15743,1513
15758,1514
15769,1515
15778,1516
15781,1517
15793,1518
15794,1519
15808,1520
15814,1521
15820,1522
15821,1523
15823,1524
15836,1525
15851,1526
15861,1527
15869,1528
15887,1529
15905,1530
15924,1531
15942,1532
15954,1533
15969,1534
15974,1535
15988,1536
16003,1537
16014,1538
16031,1539
16048,1540
16054,1541
16060,1542
16062,1543
16065,1544
16075,1545
16091,1546
16097,1547
16107,1548
16126,1549
16136,1550
16137,1551
16144,1552
16153,1553
16158,1554
16170,1555
16184,1556
16185,1557
16199,1558
16216,1559
16224,1560
16235,1561
16242,1562
16244,1563
16245,1564
16262,1565
16269,1566
16285,1567
16295,1568
16299,1569
16305,1570
16309,1571
16324,1572
16342,1573
16362,1574
16380,1575
16386,1576
16387,1577
16398,1578
16407,1579
16411,1580
16429,1581
16441,1582
16446,1583
16454,1584
16460,1585
16478,1586
16483,1587
16501,1588
16512,1589
16513,1590
16530,1591
16546,1592
16547,1593
16560,1594
16572,1595
16578,1596
16587,1597
16607,1598
16622,1599
16635,1600
16647,1601
16667,1602
16674,1603
16692,1604
16705,1605
16720,1606
16732,1607
16745,1608
16754,1609
16766,1610
16778,1611
16791,1612
16811,1613
16821,1614
16831,1615
16832,1616
16836,1617
16849,1618
16855,1619
16868,1620
16870,1621
16887,1622
16904,1623
16907,1624
16914,1625
16923,1626
16939,1627
16955,1628
16966,1629
16985,1630
17005,1631
17012,1632
17017,1633
17021,1634
17035,1635
17039,1636
17055,1637
17064,1638
17078,1639
17098,1640
17110,1641
17111,1642
17129,1643
17130,1644
17141,1645
17148,1646
17163,1647
17164,1648
17171,1649
17183,1650
17188,1651
17204,1652
17220,1653
17221,1654
17231,1655
17238,1656
17250,1657
17261,1658
17274,1659
17290,1660
17302,1661
17321,1662
17326,1663
17328,1664
17338,1665
17350,1666
17364,1667
17368,1668
17388,1669
17399,1670
17407,1671
17427,1672
17432,1673
17434,1674
17444,1675
17446,1676
17459,1677
17479,1678
17492,1679
17504,1680
17515,1681
17534,1682
17539,1683
17556,1684
17561,1685
17572,1686
17573,1687
17579,1688
17594,1689
17602,1690
17609,1691
17616,1692
17620,1693
17629,1694
17639,1695
17659,1696
17660,1697
17672,1698
17673,1699
17685,1700
17694,1701
17713,1702
17718,1703
17722,1704
17738,1705
17740,1706
17753,1707
17766,1708
17772,1709
17775,1710
17793,1711
17794,1712
17806,1713
17826,1714
17843,1715
17860,1716
17872,1717
17885,1718
17891,1719
17896,1720
17916,1721
17926,1722
17946,1723
17962,1724
17972,1725
17981,1726
17993,1727
18009,1728
18021,1729
18039,1730
18052,1731
18072,1732
18088,1733
18104,1734
18121,1735
18141,1736
18152,1737
18166,1738
18179,1739
18181,1740
18199,1741
18210,1742
18230,1743
18231,1744
18235,1745
18240,1746
18259,1747
18268,1748
18283,1749
18286,1750
18288,1751
18291,1752
18309,1753
18315,1754
18330,1755
18346,1756
18363,1757
18365,1758
18376,1759
18382,1760
18391,1761
18396,1762
18411,1763
18425,1764
18427,1765
18438,1766
18455,1767
18465,1768
18476,1769
18491,1770
18497,1771
18509,1772
18529,1773
18546,1774
18554,1775
18566,1776
18579,1777
18591,1778
18609,1779
18619,1780
18621,1781
18632,1782
18651,1783
18654,1784
18668,1785
18680,1786
18683,1787
18689,1788
18695,1789
18699,1790
18700,1791
18714,1792
18725,1793
18739,1794
18758,1795
18760,1796
18773,1797
18778,1798
18785,1799
18787,1800
18803,1801
18807,1802
18813,1803
18822,1804
18828,1805
18841,1806
18854,1807
18873,1808
18874,1809
18876,1810
18887,1811
18905,1812
18916,1813
18929,1814
18949,1815
18951,1816
18952,1817
18958,1818
18974,1819
18988,1820
19008,1821
19017,1822
19019,1823
19036,1824
19042,1825
19043,1826
19056,1827
19065,1828
19074,1829
19084,1830
19085,1831
19100,1832
19103,1833
19119,1834
19121,1835
19137,1836
19143,1837
19147,1838
19166,1839
19181,1840
19185,1841
19202,1842
19217,1843
19232,1844
19250,1845
19262,1846
19271,1847
19281,1848
19287,1849
19292,1850
19299,1851
19309,1852
19319,1853
19322,1854
19334,1855
19338,1856
19342,1857
19344,1858
19356,1859
19367,1860
19379,1861
19393,1862
19399,1863
19406,1864
19412,1865
19426,1866
19437,1867
19441,1868
19451,1869
19459,1870
19471,1871
19488,1872
19500,1873
19510,1874
19525,1875
19527,1876
19541,1877
19551,1878
19566,1879
19578,1880
19585,1881
19603,1882
19618,1883
19633,1884
19644,1885
19645,1886
19661,1887
19674,1888
19687,1889
19698,1890
19705,1891
19710,1892
19719,1893
19731,1894
19733,1895
19751,1896
19758,1897
19775,1898
19781,1899
19787,1900
19800,1901
19819,1902
19836,1903
19837,1904
19849,1905
19858,1906
19875,1907
19878,1908
19891,1909
19906,1910
19918,1911
19923,1912
19940,1913
19958,1914
19977,1915
19990,1916
20007,1917
20019,1918
20035,1919
20042,1920
20043,1921
20052,1922
20058,1923
20071,1924
20083,1925
20084,1926
20101,1927
20115,1928
20119,1929
20131,1930
20141,1931
20146,1932
20164,1933
20182,1934
20200,1935
20220,1936
20236,1937
20253,1938
20257,1939
20263,1940
20272,1941
20287,1942
20303,1943
20308,1944
20323,1945
20331,1946
20344,1947
20364,1948
20368,1949
20386,1950
20401,1951
20419,1952
20425,1953
20436,1954
20447,1955
20463,1956
20480,1957
20488,1958
20496,1959
20511,1960
20529,1961
20531,1962
20547,1963
20549,1964
20550,1965
20557,1966
20573,1967
20575,1968
20591,1969
20598,1970
20614,1971
20620,1972
20626,1973
20641,1974
20661,1975
20668,1976
20675,1977
20677,1978
20681,1979
20686,1980
20706,1981
20716,1982
20731,1983
20747,1984
20762,1985
20779,1986
20790,1987
20793,1988
20804,1989
20806,1990
20807,1991
20826,1992
20838,1993
20857,1994
20865,1995
20880,1996
20896,1997
20914,1998
20915,1999
20923,2000
20925,2001
20938,2002
20946,2003
20965,2004
20975,2005
20977,2006
20994,2007
21012,2008
21024,2009
21042,2010
21049,2011
21060,2012
21070,2013
21081,2014
21101,2015
21114,2016
21132,2017
21146,2018
21162,2019
21171,2020
21191,2021
21210,2022
21226,2023
21229,2024
21241,2025
21245,2026
21251,2027
21265,2028
21275,2029
21282,2030
21294,2031
21308,2032
21309,2033
21324,2034
21344,2035
21355,2036
21370,2037
21381,2038
21399,2039
21411,2040
21417,2041
21420,2042
21421,2043
21437,2044
21448,2045
21467,2046
21470,2047
21483,2048
21486,2049
21498,2050
21507,2051
21525,2052
21542,2053
21548,2054
21556,2055
21576,2056
21593,2057
21595,2058
21611,2059
21614,2060
21619,2061
21629,2062
21636,2063
21651,2064
21661,2065
21668,2066
21675,2067
21689,2068
21705,2069
21724,2070
21731,2071
21743,2072
21755,2073
21771,2074
21789,2075
21791,2076
21803,2077
21812,2078
21813,2079
21833,2080
21849,2081
21863,2082
21876,2083
21878,2084
21882,2085
21894,2086
21914,2087
21919,2088
21920,2089
21935,2090
21943,2091
21946,2092
21948,2093
21954,2094
21970,2095
21980,2096
21985,2097
21992,2098
22006,2099
22018,2100
22030,2101
22036,2102
22042,2103
22062,2104
22076,2105
22094,2106
22100,2107
22111,2108
22122,2109
22123,2110
22130,2111
22148,2112
22165,2113
22179,2114
22193,2115
22195,2116
22208,2117
22219,2118
22231,2119
22240,2120
22245,2121
22265,2122
22278,2123
22281,2124
22289,2125
22296,2126
22307,2127
22314,2128
22327,2129
22339,2130
22350,2131
22370,2132
22374,2133
22384,2134
22401,2135
22414,2136
22423,2137
22425,2138
22436,2139
22453,2140
22460,2141
22473,2142
22477,2143
22490,2144
22503,2145
22514,2146
22528,2147
22547,2148
22548,2149
22561,2150
22563,2151
22566,2152
22573,2153
22585,2154
22600,2155
22611,2156
22613,2157
22621,2158
22626,2159
22645,2160
22664,2161
22669,2162
22676,2163
22681,2164
22695,2165
22704,2166
22724,2167
22743,2168
22755,2169
22766,2170
22767,2171
22782,2172
22786,2173
22792,2174
22811,2175
22829,2176
22849,2177
22867,2178
22884,2179
22889,2180
22892,2181
22896,2182
22906,2183
22910,2184
22912,2185
22925,2186
22926,2187
22927,2188
22930,2189
22935,2190
22938,2191
22947,2192
22957,2193
22960,2194
22966,2195
22970,2196
22987,2197
22992,2198
22998,2199
23014,2200
23025,2201
23042,2202
23044,2203
23051,2204
23057,2205
23068,2206
23076,2207
23093,2208
23097,2209
23116,2210
23120,2211
23129,2212
23148,2213
23150,2214
23154,2215
23156,2216
23175,2217
23186,2218
23206,2219
23223,2220
23224,2221
23229,2222
23247,2223
23252,2224
23271,2225
23274,2226
23286,2227
23305,2228
23306,2229
23312,2230
23326,2231
23336,2232
23338,2233
23342,2234
23354,2235
23358,2236
23363,2237
23372,2238
23384,2239
23396,2240
23415,2241
23420,2242
23437,2243
23439,2244
23444,2245
23445,2246
23454,2247
23466,2248
23468,2249
23478,2250
23486,2251
23489,2252
23506,2253
23508,2254
23510,2255
23528,2256
23547,2257
23552,2258
23555,2259
23575,2260
23578,2261
23596,2262
23612,2263
23617,2264
23621,2265
23636,2266
23642,2267
23649,2268
23666,2269
23681,2270
23697,2271
23702,2272
23720,2273
23735,2274
23743,2275
23748,2276
23750,2277
23759,2278
23778,2279
23785,2280
23786,2281
23790,2282
23794,2283
23807,2284
23815,2285
23828,2286
23833,2287
23840,2288
23842,2289
23850,2290
23864,2291
23869,2292
23874,2293
23882,2294
23899,2295
23909,2296
23916,2297
23933,2298
23941,2299
23951,2300
23957,2301
23966,2302
23980,2303
23986,2304
23989,2305
23994,2306
24014,2307
24028,2308
24047,2309
24057,2310
24072,2311
24073,2312
24086,2313
24087,2314
24099,2315
24112,2316
24128,2317
24146,2318
24153,2319
24166,2320
24167,2321
24177,2322
24195,2323
24211,2324
24222,2325
24225,2326
24229,2327
24238,2328
24255,2329
24272,2330
24284,2331
24299,2332
24304,2333
24324,2334
24332,2335
24348,2336
24365,2337
24375,2338
24378,2339
24379,2340
24387,2341
24401,2342
24414,2343
24427,2344
24445,2345
24450,2346
24466,2347
24484,2348
24497,2349
24513,2350
24515,2351
24532,2352
24542,2353
24557,2354
24560,2355
24572,2356
24591,2357
24600,2358
24620,2359
24638,2360
24649,2361
24661,2362
24670,2363
24687,2364
24697,2365
24712,2366
24713,2367
24728,2368
24747,2369
24749,2370
24758,2371
24769,2372
24777,2373
24788,2374
24793,2375
24803,2376
24821,2377
24823,2378
24836,2379
24839,2380
24858,2381
24861,2382
24863,2383
24878,2384
24891,2385
24901,2386
24905,2387
24908,2388
24918,2389
24938,2390
24944,2391
24948,2392
24968,2393
24973,2394
24984,2395
24993,2396
25000,2397
25008,2398
25024,2399
25028,2400
25037,2401
25045,2402
25050,2403
25051,2404
25060,2405
25064,2406
25068,2407
25086,2408
25099,2409
25104,2410
25124,2411
25125,2412
25127,2413
25133,2414
25142,2415
25144,2416
25156,2417
25168,2418
25179,2419
25197,2420
25214,2421
25223,2422
25238,2423
25245,2424
25254,2425
25260,2426
25265,2427
25267,2428
25277,2429
25289,2430
25303,2431
25309,2432
25321,2433
25332,2434
25343,2435
25352,2436
25366,2437
25370,2438
25371,2439
25375,2440
25390,2441
25400,2442
25420,2443
25438,2444
25445,2445
25446,2446
25457,2447
25475,2448
25481,2449
25483,2450
25491,2451
25510,2452
25520,2453
25537,2454
25553,2455
25568,2456
25570,2457
25583,2458
25598,2459
25609,2460
25617,2461
25620,2462
25624,2463
25634,2464
25638,2465
25640,2466
25654,2467
25661,2468
25663,2469
25678,2470
25689,2471
25693,2472
25700,2473
25703,2474
25722,2475
25734,2476
25737,2477
25755,2478
25764,2479
25766,2480
25772,2481
25779,2482
25793,2483
25808,2484
25827,2485
25844,2486
25855,2487
25861,2488
25866,2489
25872,2490
25890,2491
25897,2492
25899,2493
25907,2494
25925,2495
25931,2496
25951,2497
25953,2498
25968,2499
25979,2500
25993,2501
25999,2502
26019,2503
26035,2504
26050,2505
26056,2506
26070,2507
26087,2508
26105,2509
26107,2510
26117,2511
26127,2512
26133,2513
26145,2514
26150,2515
26156,2516
26166,2517
26179,2518
26180,2519
26191,2520
26207,2521
26216,2522
26224,2523
26236,2524
26250,2525
26267,2526
26285,2527
26287,2528
26296,2529
26309,2530
26312,2531
26325,2532
26330,2533
26349,2534
26359,2535
26360,2536
26379,2537
26387,2538
26393,2539
26410,2540
26416,2541
26420,2542
26439,2543
26446,2544
26449,2545
26465,2546
26466,2547
26471,2548
26481,2549
26498,2550
26514,2551
26531,2552
26539,2553
26559,2554
26577,2555
26580,2556
26599,2557
26614,2558
26629,2559
26647,2560
26648,2561
26655,2562
26659,2563
26671,2564
26689,2565
26700,2566
26703,2567
26716,2568
26729,2569
26749,2570
26754,2571
26769,2572
26782,2573
26800,2574
26819,2575
26826,2576
26842,2577
26852,2578
26857,2579
26868,2580
26882,2581
26891,2582
26892,2583
26895,2584
26908,2585
26911,2586
26928,2587
26941,2588
26946,2589
26961,2590
26971,2591
26988,2592
26999,2593
27012,2594
27026,2595
27045,2596
27053,2597
27073,2598
27088,2599
27089,2600
27103,2601
27114,2602
27116,2603
27122,2604
27135,2605
27154,2606
27172,2607
27183,2608
27184,2609
27196,2610
27212,2611
27220,2612
27231,2613
27250,2614
27270,2615
27273,2616
27289,2617
27293,2618
27300,2619
27303,2620
27323,2621
27332,2622
27340,2623
27356,2624
27367,2625
27384,2626
27389,2627
27409,2628
27415,2629
27428,2630
27438,2631
27449,2632
27463,2633
27482,2634
27485,2635
27502,2636
27512,2637
27521,2638
27525,2639
27534,2640
27541,2641
27557,2642
27570,2643
27583,2644
27587,2645
27588,2646
27598,2647
27615,2648
27617,2649
27619,2650
27621,2651
27630,2652
27643,2653
27647,2654
27650,2655
27652,2656
27660,2657
27680,2658
27689,2659
27708,2660
27721,2661
27727,2662
27745,2663
27753,2664
27759,2665
27761,2666
27777,2667
27796,2668
27801,2669
27811,2670
27816,2671
27829,2672
27845,2673
27853,2674
27855,2675
27873,2676
27881,2677
27891,2678
27892,2679
27905,2680
27922,2681
27938,2682
27939,2683
27945,2684
27965,2685
27967,2686
27976,2687
27990,2688
28008,2689
28018,2690
28035,2691
28036,2692
28055,2693
28059,2694
28079,2695
28080,2696
28083,2697
28103,2698
28113,2699
28115,2700
28132,2701
28151,2702
28152,2703
28155,2704
28168,2705
28180,2706
28196,2707
28205,2708
28225,2709
28230,2710
28245,2711
28255,2712
28265,2713
28278,2714
28284,2715
28285,2716
28294,2717
28296,2718
28314,2719
28315,2720
28322,2721
28336,2722
28354,2723
28358,2724
28362,2725
28382,2726
28387,2727
28395,2728
28409,2729
28426,2730
28446,2731
28457,2732
28472,2733
28492,2734
28496,2735
28515,2736
28533,2737
28542,2738
28557,2739
28572,2740
28577,2741
28578,2742
28590,2743
28607,2744
28623,2745
28626,2746
28643,2747
28646,2748
28649,2749
28657,2750
28662,2751
28671,2752
28690,2753
28692,2754
28706,2755
28725,2756
28734,2757
28751,2758
28771,2759
28789,2760
28800,2761
28804,2762
28823,2763
28827,2764
28829,2765
28842,2766
28858,2767
28868,2768
28870,2769
28890,2770
28898,2771
28910,2772
28927,2773
28941,2774
28955,2775
28966,2776
28978,2777
28994,2778
29009,2779
29015,2780
29030,2781
29042,2782
29061,2783
29081,2784
29083,2785
29088,2786
29103,2787
29111,2788
29130,2789
29148,2790
29152,2791
29162,2792
29172,2793
29189,2794
29194,2795
29214,2796
29221,2797
29229,2798
29238,2799
29241,2800
29248,2801
29255,2802
29275,2803
29283,2804
29290,2805
29303,2806
29320,2807
29332,2808
29350,2809
29354,2810
29373,2811
29381,2812
29395,2813
29403,2814
29410,2815
29417,2816
29437,2817
29457,2818
29476,2819
29490,2820
29506,2821
29519,2822
29533,2823
29553,2824
29570,2825
29578,2826
29586,2827
29591,2828
29609,2829
29623,2830
29631,2831
29646,2832
29657,2833
29668,2834
29686,2835
29702,2836
29716,2837
29722,2838
29740,2839
29753,2840
29759,2841
29775,2842
29777,2843
29779,2844
29793,2845
29795,2846
29814,2847
29817,2848
29830,2849
29846,2850
29864,2851
29882,2852
29897,2853
29902,2854
29912,2855
29917,2856
29936,2857
29942,2858
29950,2859
29964,2860
29977,2861
29989,2862
30005,2863
30011,2864
30027,2865
30035,2866
30044,2867
30045,2868
30064,2869
30083,2870
30098,2871
30104,2872
30107,2873
30121,2874
30129,2875
30130,2876
30145,2877
30160,2878
30161,2879
30167,2880
30187,2881
30193,2882
30208,2883
30223,2884
30229,2885
30235,2886
30245,2887
30249,2888
30269,2889
30289,2890
30300,2891
30316,2892
30324,2893
30325,2894
30340,2895
30352,2896
30368,2897
30376,2898
30395,2899
30414,2900
30431,2901
30441,2902
30453,2903
30461,2904
30465,2905
30470,2906
30485,2907
30501,2908
30517,2909
30536,2910
30542,2911
30548,2912
30549,2913
30555,2914
30556,2915
30576,2916
30594,2917
30610,2918
30621,2919
30623,2920
30638,2921
30643,2922
30654,2923
30672,2924
30692,2925
30712,2926
30719,2927
30725,2928
30732,2929
30745,2930
30750,2931
30767,2932
30771,2933
30772,2934
30775,2935
30783,2936
30789,2937
30796,2938
30809,2939
30821,2940
30828,2941
30834,2942
30837,2943
30851,2944
30854,2945
30856,2946
30858,2947
30878,2948
30891,2949
30895,2950
30898,2951
30918,2952
30922,2953
30929,2954
30945,2955
30959,2956
30961,2957
30972,2958
30974,2959
30983,2960
31002,2961
31013,2962
31018,2963
31020,2964
31023,2965
31028,2966
31046,2967
31050,2968
31068,2969
31083,2970
31097,2971
31103,2972
31120,2973
31130,2974
31139,2975
31154,2976
31174,2977
31188,2978
31196,2979
31209,2980
31216,2981
31236,2982
31250,2983
31267,2984
31271,2985
31286,2986
31300,2987
31304,2988
31305,2989
31314,2990
31316,2991
31324,2992
31344,2993
31352,2994
31359,2995
31365,2996
31383,2997
31395,2998
31397,2999
31405,3000
31410,3001
31428,3002
31433,3003
31445,3004
31463,3005
31482,3006
31500,3007
31501,3008
31515,3009
31521,3010
31527,3011
31546,3012
31554,3013
31555,3014
31567,3015
31571,3016
31574,3017
31592,3018
31611,3019
31623,3020
31632,3021
31649,3022
31661,3023
31666,3024
31671,3025
31676,3026
31691,3027
31705,3028
31707,3029
31722,3030
31735,3031
31753,3032
31762,3033
31772,3034
31777,3035
31782,3036
31785,3037
31793,3038
31807,3039
31812,3040
31821,3041
31833,3042
31837,3043
31850,3044
31870,3045
31888,3046
31897,3047
31906,3048
31923,3049
31943,3050
31958,3051
31970,3052
31988,3053
32001,3054
32010,3055
32023,3056
32038,3057
32047,3058
32052,3059
32070,3060
32073,3061
32084,3062
32086,3063
32101,3064
32117,3065
32134,3066
32148,3067
32158,3068
32168,3069
32181,3070
32190,3071
32201,3072
32206,3073
32222,3074
32226,3075
32236,3076
32250,3077
32262,3078
32266,3079
32277,3080
32291,3081
32303,3082
32305,3083
32312,3084
32321,3085
32340,3086
32344,3087
32351,3088
32362,3089
32363,3090
32373,3091
32383,3092
32388,3093
32406,3094
32424,3095
32436,3096
32438,3097
32444,3098
32455,3099
32471,3100
32482,3101
32497,3102
32510,3103
32529,3104
32541,3105
32561,3106
32571,3107
32573,3108
32587,3109
32595,3110
32605,3111
32611,3112
32621,3113
32639,3114
32650,3115
32665,3116
32677,3117
32691,3118
32710,3119
32712,3120
32713,3121
32721,3122
32722,3123
32723,3124
32728,3125
32744,3126
32748,3127
32764,3128
32769,3129
32770,3130
32771,3131
32791,3132
32801,3133
32807,3134
32808,3135
32814,3136
32819,3137
32835,3138
32849,3139
32852,3140
32857,3141
32862,3142
32880,3143
32898,3144
32911,3145
32931,3146
32936,3147
32943,3148
32960,3149
32969,3150
32974,3151
32987,3152
33003,3153
33009,3154
33023,3155
33038,3156
33045,3157
33048,3158
33059,3159
33078,3160
33087,3161
33096,3162
33101,3163
33106,3164
33122,3165
33126,3166
33143,3167
33146,3168
33164,3169
33182,3170
33187,3171
33205,3172
33225,3173
33240,3174
33242,3175
33248,3176
33264,3177
33282,3178
33295,3179
33315,3180
33331,3181
33340,3182
33356,3183
33364,3184
33383,3185
33389,3186
33404,3187
33405,3188
33407,3189
33418,3190
33425,3191
33434,3192
33449,3193
33454,3194
33474,3195
33477,3196
33481,3197
33490,3198
33504,3199
33523,3200
33525,3201
33543,3202
33551,3203
33564,3204
33582,3205
33593,3206
33596,3207
33611,3208
33625,3209
33639,3210
33656,3211
33665,3212
33676,3213
33680,3214
33700,3215
33713,3216
33724,3217
33725,3218
33729,3219
33747,3220
33764,3221
33769,3222
33775,3223
33777,3224
33778,3225
33792,3226
33805,3227
33815,3228
33827,3229
33841,3230
33848,3231
33856,3232
33869,3233
33874,3234
33889,3235
33896,3236
33912,3237
33930,3238
33948,3239
33958,3240
33966,3241
33985,3242
33987,3243
33999,3244
34000,3245
34014,3246
34026,3247
34041,3248
34047,3249
34049,3250
34054,3251
34072,3252
34083,3253
34094,3254
34107,3255
34117,3256
34119,3257
34137,3258
34146,3259
34148,3260
34153,3261
34154,3262
34172,3263
34192,3264
34202,3265
34206,3266
34224,3267
34236,3268
34240,3269
34241,3270
34255,3271
34257,3272
34265,3273
34283,3274
34287,3275
34300,3276
34302,3277
34316,3278
34319,3279
34326,3280
34343,3281
34362,3282
34365,3283
34380,3284
34398,3285
34405,3286
34410,3287
34414,3288
34424,3289
34436,3290
34451,3291
34464,3292
34466,3293
34485,3294
34489,3295
34499,3296
34501,3297
34516,3298
34534,3299
34552,3300
34569,3301
34586,3302
34597,3303
34604,3304
34610,3305
34627,3306
34634,3307
34636,3308
34656,3309
34658,3310
34670,3311
34688,3312
34701,3313
34711,3314
34719,3315
34724,3316
34729,3317
34746,3318
34759,3319
34773,3320
34788,3321
34804,3322
34820,3323
34839,3324
34857,3325
34861,3326
34874,3327
34886,3328
34894,3329
34909,3330
34916,3331
34927,3332
34946,3333
34949,3334
34955,3335
34970,3336
34979,3337
34985,3338
34999,3339
35011,3340
35028,3341
35031,3342
35044,3343
35047,3344
35050,3345
35052,3346
35072,3347
35076,3348
35090,3349
35095,3350
35107,3351
35118,3352
35122,3353
35130,3354
35136,3355
35145,3356
35164,3357
35184,3358
35199,3359
35210,3360
35226,3361
35235,3362
35250,3363
35268,3364
35287,3365
35291,3366
35308,3367
35322,3368
35329,3369
35343,3370
35346,3371
35363,3372
35379,3373
35393,3374
35406,3375
35425,3376
35442,3377
35453,3378
35462,3379
35481,3380
35488,3381
35501,3382
35514,3383
35527,3384
35529,3385
35548,3386
35564,3387
35582,3388
35598,3389
35599,3390
35608,3391
35613,3392
35615,3393
35620,3394
35622,3395
35640,3396
35647,3397
35650,3398
35653,3399
35666,3400
35684,3401
35694,3402
35710,3403
35728,3404
35741,3405
35750,3406
35759,3407
35773,3408
35791,3409
35801,3410
35806,3411
35819,3412
35829,3413
35835,3414
35841,3415
35853,3416
35863,3417
35877,3418
35897,3419
35899,3420
35915,3421
35926,3422
35929,3423
35940,3424
35956,3425
35967,3426
35971,3427
35980,3428
35996,3429
36004,3430
36014,3431
36015,3432
36029,3433
36031,3434
36033,3435
36041,3436
36042,3437
36060,3438
36072,3439
36088,3440
36094,3441
36114,3442
36117,3443
36129,3444
36130,3445
36139,3446
36142,3447
36150,3448
36154,3449
36171,3450
36179,3451
36189,3452
36208,3453
36209,3454
36217,3455
36226,3456
36239,3457
36249,3458
36265,3459
36285,3460
36302,3461
36306,3462
36315,3463
36321,3464
36322,3465
36333,3466
36345,3467
36349,3468
36366,3469
36377,3470
36395,3471
36398,3472
36416,3473
36431,3474
36436,3475
36451,3476
36462,3477
36480,3478
36495,3479
36506,3480
36507,3481
36518,3482
36521,3483
36539,3484
36549,3485
36565,3486
36566,3487
36572,3488
36591,3489
36608,3490
36622,3491
36640,3492
36641,3493
36645,3494
36650,3495
36664,3496
36671,3497
36678,3498
36680,3499
36689,3500
36703,3501
36711,3502
36730,3503
36734,3504
36743,3505
36748,3506
36763,3507
36765,3508
36772,3509
36777,3510
36794,3511
36803,3512
36813,3513
36816,3514
36835,3515
36854,3516
36871,3517
36890,3518
36910,3519
36916,3520
36924,3521
36933,3522
36940,3523
36954,3524
36958,3525
36959,3526
36975,3527
36985,3528
37001,3529
37021,3530
37039,3531
37055,3532
37071,3533
37080,3534
37098,3535
37113,3536
37122,3537
37123,3538
37142,3539
37157,3540
37166,3541
37172,3542
37181,3543
37200,3544
37205,3545
37224,3546
37241,3547
37245,3548
37258,3549
37260,3550
37268,3551
37273,3552
37277,3553
37280,3554
37288,3555
37291,3556
37297,3557
37313,3558
37318,3559
37319,3560
37331,3561
37333,3562
37337,3563
37340,3564
37348,3565
37353,3566
37364,3567
37378,3568
37387,3569
37396,3570
37412,3571
37421,3572
37422,3573
37423,3574
37437,3575
37457,3576
37474,3577
37475,3578
37485,3579
37495,3580
37496,3581
37504,3582
37510,3583
37529,3584
37542,3585
37549,3586
37550,3587
37556,3588
37572,3589
37573,3590
37592,3591
37611,3592
37626,3593
37628,3594
37631,3595
37648,3596
37652,3597
37668,3598
37679,3599
37699,3600
37704,3601
37723,3602
37729,3603
37735,3604
37737,3605
37739,3606
37743,3607
37752,3608
37766,3609
37769,3610
37779,3611
37796,3612
37797,3613
37814,3614
37818,3615
37838,3616
37849,3617
37859,3618
37877,3619
37896,3620
37901,3621
37904,3622
37924,3623
37939,3624
37956,3625
37973,3626
37983,3627
38000,3628
38017,3629
38019,3630
38032,3631
38049,3632
38053,3633
38060,3634
38076,3635
38086,3636
38095,3637
38106,3638
38108,3639
38117,3640
38119,3641
38125,3642
38137,3643
38156,3644
38170,3645
38178,3646
38193,3647
38203,3648
38212,3649
38223,3650
38234,3651
38247,3652
38256,3653
38263,3654
38264,3655
38284,3656
38289,3657
38303,3658
38313,3659
38329,3660
38330,3661
38350,3662
38362,3663
38382,3664
38399,3665
38401,3666
38404,3667
38412,3668
38431,3669
38443,3670
38459,3671
38464,3672
38469,3673
38475,3674
38489,3675
38493,3676
38508,3677
38518,3678
38521,3679
38533,3680
38540,3681
38546,3682
38565,3683
38585,3684
38602,3685
38615,3686
38619,3687
38624,3688
38644,3689
38655,3690
38661,3691
38670,3692
38682,3693
38687,3694
38689,3695
38698,3696
38710,3697
38718,3698
38730,3699
38734,3700
38749,3701
38759,3702
38774,3703
38789,3704
38793,3705
38805,3706
38806,3707
38813,3708
38827,3709
38837,3710
38845,3711
38849,3712
38857,3713
38861,3714
38873,3715
38879,3716
38890,3717
38898,3718
38913,3719
38920,3720
38924,3721
38943,3722
38962,3723
38973,3724
38975,3725
38979,3726
38984,3727
38998,3728
39004,3729
39016,3730
39026,3731
39031,3732
39044,3733
39051,3734
39066,3735
39078,3736
39087,3737
39099,3738
39117,3739
39133,3740
39137,3741
39146,3742
39165,3743
39181,3744
39200,3745
39216,3746
39227,3747
39233,3748
39250,3749
39256,3750
39264,3751
39283,3752
39292,3753
39299,3754
39315,3755
39319,3756
39322,3757
39331,3758
39350,3759
39364,3760
39381,3761
39384,3762
39394,3763
39413,3764
39420,3765
39429,3766
39436,3767
39455,3768
39460,3769
39470,3770
39488,3771
39500,3772
39506,3773
39510,3774
39511,3775
39529,3776
39537,3777
39548,3778
39559,3779
39562,3780
39582,3781
39594,3782
39614,3783
39629,3784
39641,3785
39644,3786
39651,3787
39656,3788
39663,3789
39681,3790
39691,3791
39710,3792
39716,3793
39728,3794
39733,3795
39742,3796
39761,3797
39767,3798
39781,3799
39798,3800
39805,3801
39813,3802
39820,3803
39827,3804
39844,3805
39854,3806
39862,3807
39877,3808
39880,3809
39890,3810
39897,3811
39903,3812
39922,3813
39929,3814
39939,3815
39952,3816
39961,3817
39979,3818
39996,3819
40004,3820
40024,3821
40034,3822
40039,3823
40049,3824
40065,3825
40076,3826
40096,3827
40116,3828
40133,3829
40150,3830
40157,3831
40175,3832
40188,3833
40203,3834
40218,3835
40230,3836
40245,3837
40265,3838
40276,3839
40295,3840
40311,3841
40326,3842
40340,3843
40346,3844
40366,3845
40386,3846
40392,3847
40401,3848
40410,3849
40428,3850
40448,3851
40468,3852
40488,3853
40505,3854
40509,3855
40527,3856
40535,3857
40547,3858
40558,3859
40572,3860
40592,3861
40593,3862
40595,3863
40605,3864
40609,3865
40617,3866
40631,3867
40633,3868
40647,3869
40661,3870
40674,3871
40692,3872
40693,3873
40701,3874
40710,3875
40711,3876
40728,3877
40739,3878
40743,3879
40747,3880
40764,3881
40771,3882
40785,3883
40802,3884
40822,3885
40833,3886
40845,3887
40861,3888
40868,3889
40873,3890
40885,3891
40897,3892
40906,3893
40907,3894
40924,3895
40928,3896
40945,3897
40962,3898
40981,3899
40982,3900
40989,3901
40990,3902
41007,3903
41016,3904
41031,3905
41034,3906
41048,3907
41067,3908
41073,3909
41074,3910
41091,3911
41094,3912
41113,3913
41117,3914
41134,3915
41136,3916
41142,3917
41146,3918
41154,3919
41168,3920
41181,3921
41200,3922
41204,3923
41213,3924
41217,3925
41226,3926
41232,3927
41237,3928
41243,3929
41245,3930
41248,3931
41259,3932
41260,3933
41276,3934
41294,3935
41308,3936
41324,3937
41341,3938
41349,3939
41363,3940
41368,3941
41373,3942
41376,3943
41383,3944
41403,3945
41416,3946
41429,3947
41442,3948
41457,3949
41462,3950
41467,3951
41485,3952
41487,3953
41506,3954
41519,3955
41532,3956
41534,3957
41535,3958
41547,3959
41554,3960
41568,3961
41580,3962
41599,3963
41619,3964
41633,3965
41651,3966
41657,3967
41663,3968
41671,3969
41678,3970
41693,3971
41698,3972
41702,3973
41713,3974
41726,3975
41738,3976
41757,3977
41760,3978
41761,3979
41774,3980
41776,3981
41794,3982
41807,3983
41815,3984
41820,3985
41838,3986
41848,3987
41850,3988
41863,3989
41881,3990
41888,3991
41890,3992
41895,3993
41899,3994
41905,3995
41918,3996
41929,3997
41932,3998
41938,3999
41955,4000
41972,4001
41990,4002
41999,4003
42017,4004
42018,4005
42022,4006
42026,4007
42037,4008
42045,4009
42046,4010
42049,4011
42065,4012
42084,4013
42100,4014
42118,4015
42138,4016
42147,4017
42162,4018
42173,4019
42182,4020
42185,4021
42186,4022
42190,4023
42194,4024
42196,4025
42216,4026
42224,4027
42229,4028
42247,4029
42248,4030
42265,4031
42285,4032
42296,4033
42304,4034
42310,4035
42328,4036
42329,4037
42331,4038
42350,4039
42351,4040
42370,4041
42373,4042
42376,4043
42394,4044
42395,4045
42399,4046
42402,4047
42407,4048
42409,4049
42427,4050
42439,4051
42458,4052
42465,4053
42481,4054
42489,4055
42497,4056
42505,4057
42521,4058
42540,4059
42556,4060
42566,4061
42575,4062
42583,4063
42584,4064
42591,4065
42592,4066
42600,4067
42609,4068
42626,4069
42630,4070
42641,4071
42656,4072
42674,4073
42675,4074
42676,4075
42678,4076
42690,4077
42691,4078
42695,4079
42702,4080
42711,4081
42727,4082
42730,4083
42745,4084
42753,4085
42765,4086
42767,4087
42779,4088
42784,4089
42799,4090
42802,4091
42815,4092
42822,4093
42831,4094
42833,4095
42846,4096
42862,4097
42865,4098
42874,4099
42875,4100
42884,4101
42903,4102
42917,4103
42924,4104
42927,4105
42935,4106
42943,4107
42945,4108
42953,4109
42973,4110
42993,4111
43013,4112
43031,4113
43035,4114
43048,4115
43052,4116
43063,4117
43065,4118
43079,4119
43091,4120
43110,4121
43112,4122
43132,4123
43147,4124
43165,4125
43179,4126
43197,4127
43213,4128
43227,4129
43231,4130
43246,4131
43257,4132
43265,4133
43268,4134
43274,4135
43281,4136
43297,4137
43304,4138
43312,4139
43313,4140
43329,4141
43336,4142
43350,4143
43362,4144
43366,4145
43378,4146
43386,4147
43404,4148
43419,4149
43431,4150
43446,4151
43448,4152
43467,4153
43486,4154
43503,4155
43520,4156
43531,4157
43543,4158
43558,4159
43574,4160
43586,4161
43596,4162
43606,4163
43619,4164
43628,4165
43648,4166
43658,4167
43668,4168
43680,4169
43689,4170
43705,4171
43709,4172
43718,4173
43732,4174
43752,4175
43771,4176
43782,4177
43791,4178
43800,4179
43815,4180
43833,4181
43849,4182
43858,4183
43873,4184
43893,4185
43894,4186
43896,4187
43911,4188
43930,4189
43939,4190
43957,4191
43967,4192
43977,4193
43985,4194
44004,4195
44017,4196
44020,4197
44026,4198
44030,4199
44032,4200
44037,4201
44039,4202
44052,4203
44063,4204
44078,4205
44079,4206
44095,4207
44110,4208
44128,4209
44134,4210
44153,4211
44157,4212
44172,4213
44183,4214
44187,4215
44192,4216
44199,4217
44216,4218
44232,4219
44236,4220
44246,4221
44247,4222
44266,4223
44273,4224
44274,4225
44281,4226
44291,4227
44294,4228
44298,4229
44309,4230
44313,4231
44316,4232
44323,4233
44343,4234
44349,4235
44363,4236
44368,4237
44380,4238
44394,4239
44404,4240
44414,4241
44426,4242
44432,4243
44451,4244
44460,4245
44474,4246
44491,4247
44506,4248
44514,4249
44523,4250
44524,4251
44527,4252
44542,4253
44544,4254
44547,4255
44567,4256
44582,4257
44596,4258
44602,4259
44604,4260
44614,4261
44622,4262
44623,4263
44635,4264
44642,4265
44647,4266
44652,4267
44665,4268
44680,4269
44698,4270
44714,4271
44724,4272
44736,4273
44750,4274
44764,4275
44774,4276
44786,4277
44793,4278
44801,4279
44809,4280
44825,4281
44829,4282
44834,4283
44848,4284
44865,4285
44881,4286
44886,4287
44888,4288
44896,4289
44905,4290
44910,4291
44922,4292
44923,4293
44926,4294
44941,4295
44943,4296
44952,4297
44955,4298
44972,4299
44979,4300
44990,4301
44995,4302
45001,4303
45018,4304
45024,4305
45044,4306
45055,4307
45064,4308
45066,4309
45072,4310
45082,4311
45089,4312
45091,4313
45103,4314
45121,4315
45137,4316
45151,4317
45166,4318
45172,4319
45174,4320
45182,4321
45200,4322
45217,4323
45225,4324
45236,4325
45242,4326
45254,4327
45259,4328
45264,4329
45284,4330
45302,4331
45317,4332
45321,4333
45332,4334
45339,4335
45347,4336
45366,4337
45382,4338
45386,4339
45400,4340
45404,4341
45424,4342
45425,4343
45430,4344
45444,4345
45448,4346
45460,4347
45476,4348
45495,4349
45501,4350
45520,4351
45532,4352
45549,4353
45556,4354
45566,4355
45579,4356
45580,4357
45591,4358
45598,4359
45615,4360
45622,4361
45635,4362
45651,4363
45653,4364
45659,4365
45672,4366
45685,4367
45693,4368
45710,4369
45712,4370
45720,4371
45736,4372
45740,4373
45746,4374
45754,4375
45762,4376
45775,4377
45777,4378
45792,4379
45803,4380
45810,4381
45827,4382
45836,4383
45852,4384
45863,4385
45867,4386
45882,4387
45883,4388
45888,4389
45891,4390
45907,4391
45910,4392
45915,4393
45925,4394
45934,4395
45951,4396
45969,4397
45983,4398
46002,4399
46011,4400
46022,4401
46023,4402
46027,4403
46042,4404
46061,4405
46078,4406
46098,4407
46118,4408
46125,4409
46144,4410
46146,4411
46164,4412
46181,4413
46183,4414
46200,4415
46214,4416
46218,4417
46221,4418
46233,4419
46238,4420
46247,4421
46260,4422
46267,4423
46282,4424
46296,4425
46300,4426
46306,4427
46320,4428
46334,4429
46341,4430
46354,4431
46374,4432
46393,4433
46409,4434
46428,4435
46435,4436
46440,4437
46447,4438
46451,4439
46456,4440
46473,4441
46474,4442
46489,4443
46508,4444
46515,4445
46522,4446
46540,4447
46557,4448
46574,4449
46584,4450
46598,4451
46606,4452
46626,4453
46631,4454
46636,4455
46650,4456
46665,4457
46679,4458
46698,4459
46713,4460
46718,4461
46733,4462
46747,4463
46765,4464
46781,4465
46783,4466
46794,4467
46800,4468
46819,4469
46823,4470
46837,4471
46840,4472
46846,4473
46866,4474
46875,4475
46880,4476
46898,4477
46914,4478
46915,4479
46922,4480
46939,4481
46947,4482
46967,4483
46971,4484
46978,4485
46983,4486
46997,4487
47016,4488
47034,4489
47044,4490
47060,4491
47061,4492
47067,4493
47082,4494
47084,4495
47092,4496
47106,4497
47125,4498
47141,4499
47159,4500
47175,4501
47177,4502
47183,4503
47199,4504
47201,4505
47215,4506
47229,4507
47232,4508
47238,4509
47253,4510
47271,4511
47284,4512
47298,4513
47299,4514
47315,4515
47318,4516
47336,4517
47354,4518
47356,4519
47373,4520
47390,4521
47401,4522
47418,4523
47424,4524
47430,4525
47445,4526
47449,4527
47464,4528
47476,4529
47478,4530
47479,4531
47481,4532
47498,4533
47505,4534
47514,4535
47525,4536
47537,4537
47543,4538
47545,4539
47556,4540
47559,4541
47577,4542
47591,4543
47605,4544
47611,4545
47629,4546
47631,4547
47632,4548
47638,4549
47652,4550
47667,4551
47671,4552
47678,4553
47682,4554
47684,4555
47699,4556
47717,4557
47723,4558
47741,4559
47749,4560
47767,4561
47786,4562
47791,4563
47810,4564
47826,4565
47831,4566
47842,4567
47856,4568
47859,4569
47864,4570
47874,4571
47882,4572
47890,4573
47907,4574
47918,4575
47938,4576
47956,4577
47975,4578
47993,4579
48008,4580
48012,4581
48018,4582
48037,4583
48054,4584
48060,4585
48064,4586
48069,4587
48070,4588
48083,4589
48093,4590
48108,4591
48121,4592
48131,4593
48133,4594
48151,4595
48160,4596
48170,4597
48171,4598
48185,4599
48199,4600
48212,4601
48216,4602
48220,4603
48226,4604
48235,4605
48247,4606
48263,4607
48265,4608
48270,4609
48278,4610
48290,4611
48306,4612
48317,4613
48333,4614
48352,4615
48371,4616
48379,4617
48394,4618
48412,4619
48424,4620
48426,4621
48446,4622
48450,4623
48460,4624
48465,4625
48480,4626
48492,4627
48504,4628
48506,4629
48520,4630
48533,4631
48553,4632
48563,4633
48581,4634
48589,4635
48604,4636
48619,4637
48630,4638
48645,4639
48656,4640
48668,4641
48685,4642
48689,4643
48691,4644
48696,4645
48707,4646
48717,4647
48728,4648
48747,4649
48758,4650
48768,4651
48777,4652
48788,4653
48805,4654
48820,4655
48840,4656
48857,4657
48871,4658
48879,4659
48888,4660
48900,4661
48916,4662
48925,4663
48945,4664
48963,4665
48983,4666
49003,4667
49008,4668
49027,4669
49028,4670
49033,4671
49040,4672
49041,4673
49042,4674
49057,4675
49060,4676
49071,4677
49079,4678
49086,4679
49102,4680
49116,4681
49120,4682
49128,4683
49133,4684
49139,4685
49145,4686
49150,4687
49158,4688
49165,4689
49170,4690
49185,4691
49201,4692
49205,4693
49206,4694
49208,4695
49223,4696
49235,4697
49253,4698
49270,4699
49288,4700
49303,4701
49318,4702
49336,4703
49355,4704
49360,4705
49366,4706
49376,4707
49393,4708
49410,4709
49423,4710
49436,4711
49448,4712
49465,4713
49469,4714
49485,4715
49490,4716
49491,4717
49499,4718
49513,4719
49528,4720
49543,4721
49559,4722
49561,4723
49570,4724
49582,4725
49593,4726
49595,4727
49613,4728
49626,4729
49628,4730
49637,4731
49653,4732
49671,4733
49684,4734
49691,4735
49699,4736
49718,4737
49727,4738
49742,4739
49744,4740
49750,4741
49751,4742
49767,4743
49779,4744
49784,4745
49788,4746
49789,4747
49803,4748
49814,4749
49834,4750
49852,4751
49854,4752
49862,4753
49878,4754
49885,4755
49901,4756
49906,4757
49914,4758
49918,4759
49920,4760
49926,4761
49940,4762
49943,4763
49944,4764
49955,4765
49961,4766
49975,4767
49987,4768
49989,4769
49994,4770
50012,4771
50021,4772
50036,4773
50041,4774
50058,4775
50063,4776
50082,4777
50092,4778
50102,4779
50122,4780
50131,4781
50148,4782
50161,4783
50180,4784
50193,4785
50205,4786
50221,4787
50238,4788
50254,4789
50266,4790
50278,4791
50292,4792
50308,4793
50317,4794
50322,4795
50325,4796
50335,4797
50351,4798
50369,4799
50373,4800
50393,4801
50402,4802
50421,4803
50427,4804
50443,4805
50455,4806
50460,4807
50472,4808
50488,4809
50505,4810
50519,4811
50539,4812
50558,4813
50563,4814
50582,4815
50588,4816
50598,4817
50618,4818
50628,4819
50634,4820
50636,4821
50637,4822
50651,4823
50668,4824
50673,4825
50677,4826
50695,4827
50701,4828
50711,4829
50719,4830
50726,4831
50727,4832
50741,4833
50756,4834
50762,4835
50777,4836
50781,4837
50789,4838
50809,4839
50822,4840
50831,4841
50847,4842
50855,4843
50867,4844
50875,4845
50890,4846
50904,4847
50907,4848
50910,4849
50920,4850
50931,4851
50942,4852
50955,4853
50961,4854
50970,4855
50988,4856
51007,4857
51013,4858
51022,4859
51033,4860
51043,4861
51062,4862
51063,4863
51077,4864
51083,4865
51085,4866
51098,4867
51110,4868
51124,4869
51136,4870
51153,4871
51170,4872
51177,4873
51185,4874
51196,4875
51212,4876
51222,4877
51230,4878
51248,4879
51266,4880
51286,4881
51301,4882
51315,4883
51321,4884
51331,4885
51351,4886
51370,4887
51384,4888
51390,4889
51397,4890
51403,4891
51409,4892
51426,4893
51436,4894
51437,4895
51442,4896
51447,4897
51456,4898
51470,4899
51486,4900
51500,4901
51509,4902
51525,4903
51528,4904
51533,4905
51546,4906
51555,4907
51568,4908
51569,4909
51577,4910
51579,4911
51586,4912
51587,4913
51599,4914
51615,4915
51630,4916
51640,4917
51658,4918
51674,4919
51678,4920
51691,4921
51704,4922
51706,4923
51715,4924
51731,4925
51751,4926
51758,4927
51764,4928
51780,4929
51790,4930
51805,4931
51809,4932
51821,4933
51835,4934
51848,4935
51868,4936
51884,4937
51885,4938
51898,4939
51918,4940
51936,4941
51946,4942
51962,4943
51972,4944
51987,4945
51996,4946
52007,4947
52025,4948
52032,4949
52037,4950
52053,4951
52058,4952
52060,4953
52067,4954
52087,4955
52095,4956
52115,4957
52126,4958
52141,4959
52142,4960
52156,4961
52160,4962
52167,4963
52183,4964
52184,4965
52190,4966
52196,4967
52207,4968
52222,4969
52228,4970
52236,4971
52246,4972
52257,4973
52258,4974
52271,4975
52273,4976
52276,4977
52284,4978
52287,4979
52290,4980
52304,4981
52314,4982
52315,4983
52321,4984
52333,4985
52353,4986
52371,4987
52388,4988
52391,4989
52398,4990
52413,4991
52426,4992
52427,4993
52443,4994
52453,4995
52471,4996
52491,4997
52506,4998
52513,4999
52516,5000
52526,5001
52529,5002
52534,5003
52538,5004
52540,5005
52543,5006
52558,5007
52565,5008
52569,5009
52570,5010
52573,5011
52585,5012
52591,5013
52596,5014
52597,5015
52600,5016
52610,5017
52611,5018
52624,5019
52632,5020
52645,5021
52662,5022
52665,5023
52674,5024
52678,5025
52692,5026
52699,5027
52700,5028
52712,5029
52725,5030
52742,5031
52761,5032
52775,5033
52779,5034
52785,5035
52795,5036
52804,5037
52813,5038
52821,5039
52837,5040
52857,5041
52870,5042
52878,5043
52886,5044
52905,5045
52921,5046
52941,5047
52956,5048
52972,5049
52985,5050
53002,5051
53010,5052
53020,5053
53022,5054
53036,5055
53043,5056
53050,5057
53063,5058
53075,5059
53077,5060
53092,5061
53105,5062
53107,5063
53115,5064
53116,5065
53134,5066
53142,5067
53156,5068
53164,5069
53177,5070
53184,5071
53193,5072
53203,5073
53220,5074
53226,5075
53230,5076
53246,5077
53254,5078
53256,5079
53274,5080
53275,5081
53276,5082
53282,5083
53295,5084
53299,5085
53303,5086
53312,5087
53319,5088
53325,5089
53340,5090
53344,5091
53345,5092
53349,5093
53360,5094
53373,5095
53380,5096
53381,5097
53383,5098
53398,5099
53402,5100
53415,5101
53419,5102
53430,5103
53432,5104
53449,5105
53460,5106
53467,5107
53474,5108
53478,5109
53492,5110
53509,5111
53520,5112
53531,5113
53535,5114
53546,5115
53560,5116
53580,5117
53595,5118
53606,5119
53616,5120
53620,5121
53628,5122
53633,5123
53637,5124
53654,5125
53665,5126
53683,5127
53700,5128
53712,5129
53718,5130
53725,5131
53744,5132
53759,5133
53766,5134
53784,5135
53800,5136
53807,5137
53824,5138
53839,5139
53840,5140
53850,5141
53862,5142
53877,5143
53879,5144
53884,5145
53896,5146
53899,5147
53918,5148
53922,5149
53934,5150
53945,5151
53950,5152
53961,5153
53977,5154
53994,5155
54009,5156
54028,5157
54035,5158
54055,5159
54071,5160
54086,5161
54097,5162
54104,5163
54112,5164
54124,5165
54125,5166
54133,5167
54145,5168
54151,5169
54157,5170
54172,5171
54177,5172
54197,5173
54213,5174
54216,5175
54233,5176
54240,5177
54253,5178
54269,5179
54288,5180
54305,5181
54321,5182
54335,5183
54353,5184
54357,5185
54359,5186
54361,5187
54378,5188
54379,5189
54389,5190
54397,5191
54414,5192
54415,5193
54425,5194
54441,5195
54442,5196
54456,5197
54461,5198
54480,5199
54489,5200
54509,5201
54516,5202
54519,5203
54526,5204
54532,5205
54534,5206
54545,5207
54555,5208
54567,5209
54584,5210
54591,5211
54599,5212
54615,5213
54629,5214
54642,5215
54646,5216
54662,5217
54670,5218
54686,5219
54705,5220
54709,5221
54712,5222
54728,5223
54746,5224
54763,5225
54771,5226
54773,5227
54775,5228
54794,5229
54807,5230
54819,5231
54827,5232
54836,5233
54847,5234
54853,5235
54862,5236
54863,5237
54864,5238
54879,5239
54895,5240
54908,5241
54925,5242
54944,5243
54954,5244
54965,5245
54977,5246
54989,5247
54991,5248
55010,5249
55015,5250
55020,5251
55032,5252
55052,5253
55060,5254
55069,5255
55089,5256
55093,5257
55113,5258
55132,5259
55149,5260
55169,5261
55188,5262
55198,5263
55211,5264
55229,5265
55234,5266
55247,5267
55250,5268
55270,5269
55272,5270
55275,5271
55283,5272
55290,5273
55293,5274
55305,5275
55324,5276
55329,5277
55330,5278
55336,5279
55344,5280
55349,5281
55353,5282
55360,5283
55373,5284
55374,5285
55386,5286
55399,5287
55402,5288
55417,5289
55426,5290
55445,5291
55454,5292
55460,5293
55471,5294
55480,5295
55495,5296
55512,5297
55529,5298
55530,5299
55538,5300
55553,5301
55558,5302
55569,5303
55586,5304
55599,5305
55616,5306
55624,5307
55630,5308
55634,5309
55650,5310
55664,5311
55678,5312
55696,5313
55715,5314
55725,5315
55742,5316
55755,5317
55773,5318
55774,5319
55780,5320
55794,5321
55806,5322
55816,5323
55829,5324
55844,5325
55851,5326
55862,5327
55863,5328
55872,5329
55882,5330
55901,5331
55912,5332
55920,5333
55931,5334
55936,5335
55941,5336
55944,5337
55954,5338
55958,5339
55973,5340
55974,5341
55976,5342
55978,5343
55986,5344
55996,5345
56014,5346
56020,5347
56036,5348
56049,5349
56067,5350
56084,5351
56087,5352
56095,5353
56109,5354
56116,5355
56127,5356
56129,5357
56141,5358
56149,5359
56151,5360
56152,5361
56154,5362
56169,5363
56173,5364
56174,5365
56193,5366
56209,5367
56221,5368
56225,5369
56239,5370
56255,5371
56274,5372
56275,5373
56295,5374
56313,5375
56326,5376
56340,5377
56342,5378
56359,5379
56373,5380
56386,5381
56405,5382
56416,5383
56433,5384
56453,5385
56466,5386
56484,5387
56497,5388
56500,5389
56514,5390
56525,5391
56534,5392
56547,5393
56558,5394
56572,5395
56586,5396
56600,5397
56611,5398
56619,5399
56626,5400
56630,5401
56633,5402
56643,5403
56658,5404
56669,5405
56685,5406
56686,5407
56692,5408
56700,5409
56701,5410
56713,5411
56731,5412
56745,5413
56763,5414
56780,5415
56781,5416
56799,5417
56815,5418
56829,5419
56838,5420
56848,5421
56859,5422
56871,5423
56876,5424
56886,5425
56899,5426
56913,5427
56925,5428
56934,5429
56943,5430
56951,5431
56963,5432
56966,5433
56974,5434
56984,5435
56986,5436
57004,5437
57010,5438
57013,5439
57019,5440
57032,5441
57041,5442
57061,5443
57065,5444
57079,5445
57096,5446
57106,5447
57112,5448
57129,5449
57143,5450
57161,5451
57164,5452
57169,5453
57179,5454
57196,5455
57210,5456
57225,5457
57226,5458
57233,5459
57252,5460
57261,5461
57279,5462
57288,5463
57293,5464
57301,5465
57313,5466
57327,5467
57332,5468
57339,5469
57344,5470
57359,5471
57370,5472
57390,5473
57398,5474
57406,5475
57413,5476
57427,5477
57435,5478
57439,5479
57446,5480
57451,5481
57458,5482
57473,5483
57476,5484
57493,5485
57499,5486
57502,5487
57518,5488
57534,5489
57546,5490
57549,5491
57565,5492
57578,5493
57582,5494
57585,5495
57604,5496
57612,5497
57613,5498
57614,5499
57623,5500
57639,5501
57656,5502
57665,5503
57676,5504
57688,5505
57701,5506
57718,5507
57737,5508
57739,5509
57749,5510
57757,5511
57764,5512
57775,5513
57795,5514
57812,5515
57823,5516
57834,5517
57843,5518
57853,5519
57866,5520
57869,5521
57888,5522
57902,5523
57913,5524
57933,5525
57942,5526
57952,5527
57968,5528
57977,5529
57996,5530
58003,5531
58015,5532
58025,5533
58039,5534
58059,5535
58060,5536
58062,5537
58075,5538
58079,5539
58086,5540
58097,5541
58111,5542
58114,5543
58132,5544
58148,5545
58149,5546
58166,5547
58186,5548
58194,5549
58200,5550
58203,5551
58219,5552
58238,5553
58250,5554
58258,5555
58275,5556
58294,5557
58313,5558
58315,5559
58317,5560
58325,5561
58341,5562
58357,5563
58376,5564
58379,5565
58388,5566
58405,5567
58416,5568
58421,5569
58431,5570
58450,5571
58456,5572
58462,5573
58464,5574
58475,5575
58476,5576
58494,5577
58514,5578
58531,5579
58538,5580
58553,5581
58560,5582
58570,5583
58578,5584
58594,5585
58611,5586
58617,5587
58635,5588
58646,5589
58660,5590
58674,5591
58686,5592
58703,5593
58721,5594
58728,5595
58730,5596
58746,5597
58763,5598
58768,5599
58786,5600
58794,5601
58814,5602
58822,5603
58833,5604
58846,5605
58866,5606
58871,5607
58877,5608
58888,5609
58904,5610
58918,5611
58927,5612
58931,5613
58936,5614
58954,5615
58963,5616
58972,5617
58984,5618
58987,5619
58991,5620
59010,5621
59012,5622
59025,5623
59032,5624
59034,5625
59050,5626
59056,5627
59074,5628
59076,5629
59096,5630
59100,5631
59101,5632
59117,5633
59120,5634
59132,5635
59134,5636
59146,5637
59155,5638
59164,5639
59170,5640
59178,5641
59195,5642
59211,5643
59220,5644
59226,5645
59240,5646
59258,5647
59260,5648
59279,5649
59297,5650
59311,5651
59331,5652
59334,5653
59338,5654
59354,5655
59364,5656
59382,5657
59390,5658
59409,5659
59418,5660
59419,5661
59426,5662
59445,5663
59451,5664
59453,5665
59454,5666
59461,5667
59470,5668
59482,5669
59493,5670
59513,5671
59525,5672
59538,5673
59549,5674
59557,5675
59576,5676
59596,5677
59605,5678
59609,5679
59625,5680
59638,5681
59653,5682
59654,5683
59663,5684
59666,5685
59680,5686
59685,5687
59692,5688
59700,5689
59711,5690
59722,5691
59735,5692
59737,5693
59745,5694
59753,5695
59769,5696
59770,5697
59784,5698
59786,5699
59803,5700
59814,5701
59822,5702
59831,5703
59846,5704
59854,5705
59859,5706
59863,5707
59870,5708
59876,5709
59891,5710
59911,5711
59931,5712
59936,5713
59941,5714
59961,5715
59967,5716
59979,5717
59991,5718
59999,5719
60001,5720
60014,5721
60024,5722
60035,5723
60038,5724
60049,5725
60056,5726
60067,5727
60069,5728
60087,5729
60093,5730
60098,5731
60103,5732
60121,5733
60139,5734
60155,5735
60160,5736
60161,5737
60180,5738
60188,5739
60196,5740
60199,5741
60216,5742
60234,5743
60236,5744
60241,5745
60244,5746
60254,5747
60258,5748
60272,5749
60290,5750
60306,5751
60309,5752
60317,5753
60332,5754
60341,5755
60347,5756
60364,5757
60375,5758
60376,5759
60393,5760
60409,5761
60425,5762
60432,5763
60442,5764
60459,5765
60460,5766
60465,5767
60470,5768
60472,5769
60486,5770
60496,5771
60513,5772
60520,5773
60537,5774
60547,5775
60553,5776
60562,5777
60569,5778
60580,5779
60596,5780
60615,5781
60619,5782
60627,5783
60644,5784
60650,5785
60654,5786
60660,5787
60669,5788
60682,5789
60686,5790
60696,5791
60711,5792
60715,5793
60725,5794
60738,5795
60743,5796
60761,5797
60764,5798
60769,5799
60779,5800
60788,5801
60803,5802
60807,5803
60813,5804
60815,5805
60833,5806
60850,5807
60869,5808
60887,5809
60901,5810
60914,5811
60930,5812
60945,5813
60954,5814
60961,5815
60970,5816
60988,5817
61005,5818
61017,5819
61036,5820
61048,5821
61066,5822
61076,5823
61079,5824
61093,5825
61110,5826
61111,5827
61131,5828
61141,5829
61151,5830
61155,5831
61167,5832
61177,5833
61194,5834
61203,5835
61218,5836
61230,5837
61249,5838
61260,5839
61265,5840
61269,5841
61277,5842
61282,5843
61297,5844
61308,5845
61318,5846
61335,5847
61350,5848
61356,5849
61375,5850
61376,5851
61392,5852
61408,5853
61421,5854
61422,5855
61434,5856
61452,5857
61458,5858
61474,5859
61478,5860
61491,5861
61492,5862
61496,5863
61500,5864
61518,5865
61538,5866
61552,5867
61571,5868
61578,5869
61589,5870
61598,5871
61616,5872
61623,5873
61628,5874
61638,5875
61646,5876
61649,5877
61669,5878
61687,5879
61688,5880
61704,5881
61707,5882
61724,5883
61733,5884
61750,5885
61752,5886
61769,5887
61779,5888
61797,5889
61817,5890
61833,5891
61853,5892
61862,5893
61873,5894
61883,5895
61892,5896
61906,5897
61920,5898
61923,5899
61926,5900
61934,5901
61943,5902
61961,5903
61969,5904
61985,5905
62001,5906
62009,5907
62024,5908
62037,5909
62044,5910
62056,5911
62075,5912
62079,5913
62088,5914
62104,5915
62114,5916
62124,5917
62139,5918
62155,5919
62156,5920
62168,5921
62179,5922
62181,5923
62192,5924
62204,5925
62217,5926
62225,5927
62241,5928
62259,5929
62270,5930
62288,5931
62294,5932
62310,5933
62314,5934
62319,5935
62328,5936
62333,5937
62350,5938
62355,5939
62374,5940
62388,5941
62402,5942
62410,5943
62420,5944
62438,5945
62446,5946
62464,5947
62479,5948
62495,5949
62513,5950
62519,5951
62520,5952
62531,5953
62546,5954
62557,5955
62559,5956
62579,5957
62594,5958
62606,5959
62614,5960
62616,5961
62633,5962
62652,5963
62669,5964
62670,5965
62685,5966
62692,5967
62699,5968
62701,5969
62716,5970
62729,5971
62737,5972
62752,5973
62763,5974
62771,5975
62779,5976
62785,5977
62797,5978
62798,5979
62806,5980
62820,5981
62835,5982
62847,5983
62859,5984
62871,5985
62878,5986
62893,5987
62907,5988
62917,5989
62926,5990
62929,5991
62949,5992
62957,5993
62973,5994
62992,5995
62993,5996
63011,5997
63030,5998
63036,5999
63055,6000
63056,6001
63068,6002
63069,6003
63088,6004
63106,6005
63121,6006
63131,6007
63145,6008
63155,6009
63168,6010
63178,6011
63180,6012
63199,6013
63205,6014
63224,6015
63227,6016
63236,6017
63243,6018
63252,6019
63255,6020
63271,6021
63291,6022
63308,6023
63320,6024
63329,6025
63331,6026
63332,6027
63346,6028
63358,6029
63368,6030
63383,6031
63402,6032
63416,6033
63417,6034
63429,6035
63432,6036
63441,6037
63454,6038
63460,6039
63467,6040
63481,6041
63496,6042
63509,6043
63515,6044
63531,6045
63535,6046
63536,6047
63554,6048
63557,6049
63566,6050
63573,6051
63587,6052
63604,6053
63623,6054
63635,6055
63639,6056
63657,6057
63666,6058
63675,6059
63685,6060
63696,6061
63703,6062
63709,6063
63727,6064
63740,6065
63746,6066
63752,6067
63767,6068
63775,6069
63776,6070
63789,6071
63792,6072
63809,6073
63813,6074
63823,6075
63835,6076
63845,6077
63856,6078
63869,6079
63870,6080
63876,6081
63878,6082
63895,6083
63909,6084
63912,6085
63915,6086
63920,6087
63926,6088
63944,6089
63952,6090
63958,6091
63959,6092
63968,6093
63972,6094
63984,6095
63999,6096
64006,6097
64026,6098
64030,6099
64049,6100
64061,6101
64066,6102
64085,6103
64086,6104
64098,6105
64118,6106
64129,6107
64147,6108
64167,6109
64184,6110
64199,6111
64210,6112
64212,6113
64217,6114
64226,6115
64242,6116
64247,6117
64248,6118
64252,6119
64264,6120
64265,6121
64284,6122
64295,6123
64309,6124
64318,6125
64320,6126
64333,6127
64344,6128
64361,6129
64362,6130
64380,6131
64389,6132
64407,6133
64419,6134
64427,6135
64445,6136
64464,6137
64471,6138
64474,6139
64482,6140
64488,6141
64492,6142
64498,6143
64502,6144
64521,6145
64529,6146
64541,6147
64555,6148
64559,6149
64572,6150
64588,6151
64599,6152
64618,6153
64625,6154
64645,6155
64647,6156
64661,6157
64670,6158
64683,6159
64691,6160
64696,6161
64715,6162
64726,6163
64731,6164
64742,6165
64760,6166
64761,6167
64773,6168
64774,6169
64775,6170
64793,6171
64799,6172
64815,6173
64816,6174
64828,6175
64836,6176
64846,6177
64848,6178
64867,6179
64885,6180
64894,6181
64913,6182
64920,6183
64935,6184
64941,6185
64960,6186
64961,6187
64971,6188
64988,6189
64991,6190
65006,6191
65025,6192
65038,6193
65046,6194
65048,6195
65054,6196
65069,6197
65079,6198
65087,6199
65101,6200
65106,6201
65119,6202
65135,6203
65140,6204
65156,6205
65168,6206
65183,6207
65199,6208
65217,6209
65222,6210
65235,6211
65238,6212
65247,6213
65261,6214
65264,6215
65281,6216
65300,6217
65313,6218
65320,6219
65321,6220
65326,6221
65346,6222
65361,6223
65378,6224
65393,6225
65412,6226
65430,6227
65434,6228
65437,6229
65444,6230
65459,6231
65474,6232
65493,6233
65499,6234
65518,6235
65529,6236
65530,6237
65541,6238
65551,6239
65571,6240
65573,6241
65574,6242
65586,6243
65595,6244
65608,6245
65615,6246
65616,6247
65627,6248
65634,6249
65646,6250
65666,6251
65669,6252
65688,6253
65699,6254
65709,6255
65721,6256
65726,6257
65741,6258
65754,6259
65762,6260
65764,6261
65781,6262
65790,6263
65807,6264
65809,6265
65824,6266
65836,6267
65849,6268
65859,6269
65866,6270
65875,6271
65889,6272
65890,6273
65905,6274
65922,6275
65928,6276
65935,6277
65947,6278
65948,6279
65968,6280
65969,6281
65985,6282
65991,6283
66009,6284
66021,6285
66034,6286
66041,6287
66052,6288
66068,6289
66075,6290
66078,6291
66098,6292
66101,6293
66115,6294
66125,6295
66133,6296
66146,6297
66166,6298
66169,6299
66171,6300
66190,6301
66203,6302
66210,6303
66219,6304
66222,6305
66226,6306
66235,6307
66242,6308
66254,6309
66269,6310
66270,6311
66275,6312
66278,6313
66293,6314
66303,6315
66311,6316
66320,6317
66338,6318
66341,6319
66351,6320
66366,6321
66370,6322
66377,6323
66383,6324
66391,6325
66392,6326
66406,6327
66421,6328
66435,6329
66450,6330
66462,6331
66478,6332
66486,6333
66490,6334
66506,6335
66522,6336
66527,6337
66531,6338
66536,6339
66541,6340
66558,6341
66578,6342
66580,6343
66600,6344
66606,6345
66608,6346
66628,6347
66642,6348
66646,6349
66658,6350
66665,6351
66667,6352
66668,6353
66675,6354
66695,6355
66711,6356
66714,6357
66722,6358
66731,6359
66748,6360
66762,6361
66763,6362
66781,6363
66796,6364
66805,6365
66806,6366
66821,6367
66838,6368
66845,6369
66853,6370
66864,6371
66871,6372
66880,6373
66887,6374
66904,6375
66911,6376
66917,6377
66934,6378
66948,6379
66958,6380
66960,6381
66964,6382
66978,6383
66987,6384
66996,6385
67012,6386
67019,6387
67022,6388
67037,6389
67050,6390
67056,6391
67075,6392
67079,6393
67086,6394
67089,6395
67109,6396
67111,6397
67116,6398
67123,6399
67131,6400
67151,6401
67170,6402
67180,6403
67181,6404
67196,6405
67198,6406
67202,6407
67215,6408
67235,6409
67255,6410
67275,6411
67280,6412
67300,6413
67316,6414
67318,6415
67324,6416
67326,6417
67346,6418
67362,6419
67377,6420
67378,6421
67392,6422
67401,6423
67403,6424
67417,6425
67426,6426
67432,6427
67439,6428
67442,6429
67448,6430
67462,6431
67475,6432
67482,6433
67496,6434
67515,6435
67533,6436
67549,6437
67568,6438
67582,6439
67599,6440
67618,6441
67627,6442
67629,6443
67649,6444
67668,6445
67673,6446
67688,6447
67708,6448
67710,6449
67728,6450
67736,6451
67743,6452
67759,6453
67773,6454
67788,6455
67807,6456
67816,6457
67830,6458
67838,6459
67853,6460
67859,6461
67871,6462
67883,6463
67889,6464
67901,6465
67908,6466
67928,6467
67939,6468
67958,6469
67962,6470
67968,6471
67977,6472
67993,6473
68008,6474
68011,6475
68019,6476
68028,6477
68045,6478
68054,6479
68058,6480
68065,6481
68080,6482
68082,6483
68091,6484
68096,6485
68097,6486
68114,6487
68124,6488
68144,6489
68158,6490
68167,6491
68175,6492
68181,6493
68186,6494
68193,6495
68207,6496
68208,6497
68216,6498
68229,6499
68240,6500
68256,6501
68266,6502
68283,6503
68290,6504
68295,6505
68296,6506
68311,6507
68323,6508
68330,6509
68347,6510
68357,6511
68363,6512
68377,6513
68388,6514
68391,6515
68403,6516
68422,6517
68424,6518
68436,6519
68446,6520
68449,6521
68458,6522
68462,6523
68480,6524
68483,6525
68493,6526
68498,6527
68511,6528
68518,6529
68524,6530
68533,6531
68552,6532
68567,6533
68571,6534
68588,6535
68593,6536
68594,6537
68612,6538
68627,6539
68630,6540
68636,6541
68643,6542
68659,6543
68670,6544
68684,6545
68702,6546
68703,6547
68722,6548
68740,6549
68743,6550
68761,6551
68773,6552
68780,6553
68783,6554
68787,6555
68801,6556
68802,6557
68812,6558
68817,6559
68822,6560
68828,6561
68839,6562
68849,6563
68861,6564
68868,6565
68887,6566
68907,6567
68915,6568
68921,6569
68931,6570
68951,6571
68970,6572
68985,6573
69000,6574
69008,6575
69018,6576
69019,6577
69039,6578
69050,6579
69059,6580
69072,6581
69085,6582
69102,6583
69103,6584
69123,6585
69125,6586
69143,6587
69147,6588
69162,6589
69165,6590
69172,6591
69179,6592
69199,6593
69208,6594
69227,6595
69239,6596
69243,6597
69249,6598
69253,6599
69260,6600
69278,6601
69293,6602
69298,6603
69307,6604
69321,6605
69333,6606
69335,6607
69350,6608
69367,6609
69379,6610
69392,6611
69412,6612
69424,6613
69429,6614
69444,6615
69462,6616
69478,6617
69487,6618
69503,6619
69513,6620
69520,6621
69523,6622
69532,6623
69550,6624
69564,6625
69584,6626
69586,6627
69587,6628
69599,6629
69619,6630
69636,6631
69642,6632
69657,6633
69673,6634
69692,6635
69694,6636
69695,6637
69705,6638
69723,6639
69736,6640
69755,6641
69773,6642
69780,6643
69786,6644
69788,6645
69789,6646
69807,6647
69811,6648
69825,6649
69832,6650
69842,6651
69860,6652
69871,6653
69891,6654
69904,6655
69915,6656
69934,6657
69948,6658
69951,6659
69968,6660
69988,6661
69993,6662
70002,6663
70010,6664
70018,6665
70021,6666
70036,6667
70049,6668
70054,6669
70064,6670
70079,6671
70085,6672
70091,6673
70098,6674
70114,6675
70131,6676
70138,6677
70143,6678
70157,6679
70163,6680
70168,6681
70169,6682
70181,6683
70182,6684
70200,6685
70208,6686
70219,6687
70225,6688
70229,6689
70238,6690
70255,6691
70266,6692
70285,6693
70296,6694
70312,6695
70318,6696
70328,6697
70329,6698
70348,6699
70363,6700
70383,6701
70401,6702
70418,6703
70423,6704
70430,6705
70436,6706
70442,6707
70459,6708
70469,6709
70488,6710
70500,6711
70517,6712
70518,6713
70536,6714
70539,6715
70548,6716
70568,6717
70588,6718
70592,6719
70601,6720
70621,6721
70635,6722
70654,6723
70663,6724
70670,6725
70684,6726
70702,6727
70714,6728
70726,6729
70744,6730
70763,6731
70774,6732
70788,6733
70791,6734
70799,6735
70819,6736
70831,6737
70847,6738
70855,6739
70870,6740
70878,6741
70879,6742
70880,6743
70884,6744
70888,6745
70892,6746
70903,6747
70914,6748
70916,6749
70925,6750
70928,6751
70947,6752
70954,6753
70971,6754
70975,6755
70995,6756
71014,6757
71017,6758
71032,6759
71045,6760
71061,6761
71074,6762
71081,6763
71100,6764
71107,6765
71119,6766
71124,6767
71126,6768
71140,6769
71153,6770
71167,6771
71179,6772
71191,6773
71196,6774
71203,6775
71206,6776
71224,6777
71240,6778
71250,6779
71253,6780
71262,6781
71269,6782
71287,6783
71304,6784
71314,6785
71333,6786
71349,6787
71353,6788
71368,6789
71374,6790
71392,6791
71406,6792
71420,6793
71438,6794
71454,6795
71469,6796
71482,6797
71490,6798
71504,6799
71512,6800
71517,6801
71520,6802
71531,6803
71544,6804
71557,6805
71566,6806
71573,6807
71587,6808
71593,6809
71602,6810
71619,6811
71637,6812
71653,6813
71666,6814
71667,6815
71669,6816
71689,6817
71702,6818
71707,6819
71720,6820
71723,6821
71737,6822
71754,6823
71763,6824
71771,6825
71791,6826
71798,6827
71805,6828
71814,6829
71833,6830
71838,6831
71853,6832
71859,6833
71862,6834
71873,6835
71889,6836
71903,6837
71914,6838
71917,6839
71931,6840
71945,6841
71961,6842
71968,6843
71982,6844
71995,6845
71996,6846
72011,6847
72021,6848
72028,6849
72037,6850
72057,6851
72061,6852
72064,6853
72075,6854
72089,6855
72093,6856
72098,6857
72112,6858
72123,6859
72134,6860
72149,6861
72166,6862
72183,6863
72188,6864
72202,6865
72207,6866
72213,6867
72233,6868
72241,6869
72255,6870
72258,6871
72265,6872
72281,6873
72289,6874
72309,6875
72322,6876
72334,6877
72346,6878
72366,6879
72373,6880
72383,6881
72395,6882
72415,6883
72430,6884
72438,6885
72457,6886
72468,6887
72479,6888
72492,6889
72499,6890
72500,6891
72511,6892
72520,6893
72524,6894
72534,6895
72536,6896
72551,6897
72571,6898
72573,6899
72579,6900
72581,6901
72595,6902
72596,6903
72605,6904
72607,6905
72621,6906
72626,6907
72632,6908
72648,6909
72657,6910
72658,6911
72672,6912
72684,6913
72691,6914
72707,6915
72708,6916
72727,6917
72734,6918
72743,6919
72749,6920
72763,6921
72768,6922
72770,6923
72778,6924
72794,6925
72805,6926
72825,6927
72828,6928
72844,6929
72854,6930
72867,6931
72881,6932
72895,6933
72900,6934
72912,6935
72929,6936
72933,6937
72948,6938
72958,6939
72965,6940
72966,6941
72974,6942
72987,6943
73004,6944
73009,6945
73022,6946
73032,6947
73050,6948
73057,6949
73075,6950
73089,6951
73100,6952
73117,6953
73122,6954
73136,6955
73143,6956
73157,6957
73158,6958
73172,6959
73190,6960
73192,6961
73195,6962
73209,6963
73229,6964
73236,6965
73248,6966
73268,6967
73275,6968
73293,6969
73310,6970
73329,6971
73340,6972
73358,6973
73359,6974
73365,6975
73381,6976
73396,6977
73404,6978
73423,6979
73429,6980
73446,6981
73448,6982
73465,6983
73485,6984
73501,6985
73507,6986
73517,6987
73534,6988
73553,6989
73561,6990
73581,6991
73585,6992
73595,6993
73610,6994
73622,6995
73640,6996
73646,6997
73658,6998
73672,6999
73681,7000
73698,7001
73708,7002
73713,7003
73715,7004
73732,7005
73744,7006
73747,7007
73765,7008
73767,7009
73780,7010
73791,7011
73804,7012
73821,7013
73837,7014
73855,7015
73866,7016
73873,7017
73887,7018
73891,7019
73906,7020
73910,7021
73929,7022
73949,7023
73964,7024
73974,7025
73982,7026
74002,7027
74020,7028
74039,7029
74043,7030
74060,7031
74064,7032
74065,7033
74075,7034
74076,7035
74092,7036
74096,7037
74113,7038
74115,7039
74121,7040
74138,7041
74158,7042
74174,7043
74183,7044
74185,7045
74189,7046
74206,7047
74221,7048
74225,7049
74241,7050
74249,7051
74265,7052
74272,7053
74281,7054
74296,7055
74313,7056
74321,7057
74323,7058
74328,7059
74335,7060
74353,7061
74356,7062
74369,7063
74375,7064
74381,7065
74389,7066
74391,7067
74411,7068
74428,7069
74438,7070
74449,7071
74466,7072
74469,7073
74473,7074
74482,7075
74490,7076
74493,7077
74512,7078
74528,7079
74532,7080
74542,7081
74557,7082
74572,7083
74589,7084
74605,7085
74616,7086
74623,7087
74626,7088
74641,7089
74647,7090
74656,7091
74661,7092
74674,7093
74687,7094
74706,7095
74726,7096
74729,7097
74745,7098
74759,7099
74771,7100
74782,7101
74791,7102
74792,7103
74803,7104
74813,7105
74816,7106
74832,7107
74850,7108
74854,7109
74860,7110
74878,7111
74898,7112
74903,7113
74910,7114
74922,7115
74925,7116
74943,7117
74952,7118
74972,7119
74981,7120
74997,7121
75013,7122
75029,7123
75042,7124
75058,7125
75061,7126
75066,7127
75069,7128
75078,7129
75086,7130
75098,7131
75106,7132
75111,7133
75114,7134
75128,7135
75130,7136
75143,7137
75156,7138
75167,7139
75177,7140
75197,7141
75203,7142
75210,7143
75213,7144
75221,7145
75225,7146
75232,7147
75251,7148
75265,7149
75283,7150
75289,7151
75296,7152
75304,7153
75312,7154
75314,7155
75317,7156
75331,7157
75342,7158
75359,7159
75376,7160
75394,7161
75395,7162
75405,7163
75408,7164
75416,7165
75433,7166
75436,7167
75449,7168
75461,7169
75478,7170
75485,7171
75503,7172
75516,7173
75517,7174
75526,7175
75530,7176
75542,7177
75558,7178
75573,7179
75579,7180
75595,7181
75597,7182
75607,7183
75615,7184
75624,7185
75630,7186
75646,7187
75650,7188
75670,7189
75672,7190
75675,7191
75683,7192
75695,7193
75698,7194
75702,7195
75719,7196
75726,7197
75742,7198
75743,7199
75747,7200
75767,7201
75781,7202
75795,7203
75805,7204
75807,7205
75821,7206
75832,7207
75837,7208
75839,7209
75854,7210
75858,7211
75871,7212
75885,7213
75897,7214
75903,7215
75922,7216
75923,7217
75929,7218
75934,7219
75939,7220
75951,7221
75955,7222
75975,7223
75995,7224
76010,7225
76018,7226
76019,7227
76030,7228
76043,7229
76050,7230
76052,7231
76065,7232
76084,7233
76091,7234
76104,7235
76123,7236
76135,7237
76139,7238
76146,7239
76155,7240
76158,7241
76164,7242
76178,7243
76190,7244
76196,7245
76202,7246
76217,7247
76224,7248
76231,7249
76249,7250
76265,7251
76277,7252
76287,7253
76298,7254
76314,7255
76330,7256
76342,7257
76353,7258
76366,7259
76376,7260
76391,7261
76403,7262
76420,7263
76426,7264
76436,7265
76441,7266
76450,7267
76454,7268
76469,7269
76477,7270
76485,7271
76501,7272
76511,7273
76530,7274
76539,7275
76556,7276
76570,7277
76589,7278
76594,7279
76611,7280
76620,7281
76626,7282
76631,7283
76647,7284
76667,7285
76679,7286
76695,7287
76710,7288
76730,7289
76745,7290
76755,7291
76773,7292
76783,7293
76801,7294
76818,7295
76823,7296
76835,7297
76838,7298
76849,7299
76862,7300
76871,7301
76874,7302
76886,7303
76903,7304
76913,7305
76933,7306
76945,7307
76964,7308
76969,7309
76988,7310
76998,7311
77001,7312
77010,7313
77029,7314
77043,7315
77045,7316
77052,7317
77067,7318
77076,7319
77079,7320
77099,7321
77104,7322
77108,7323
77110,7324
77124,7325
77133,7326
77144,7327
77155,7328
77157,7329
77159,7330
77173,7331
77193,7332
77204,7333
77222,7334
77227,7335
77245,7336
77256,7337
77270,7338
77290,7339
77291,7340
77298,7341
77317,7342
77335,7343
77351,7344
77368,7345
77369,7346
77385,7347
77389,7348
77402,7349
77417,7350
77419,7351
77439,7352
77458,7353
77459,7354
77465,7355
77469,7356
77481,7357
77489,7358
77498,7359
77505,7360
77509,7361
77511,7362
77527,7363
77530,7364
77531,7365
77533,7366
77534,7367
77539,7368
77559,7369
77576,7370
77583,7371
77585,7372
77589,7373
77601,7374
77603,7375
77606,7376
77623,7377
77632,7378
77642,7379
77649,7380
77665,7381
77674,7382
77692,7383
77698,7384
77710,7385
77712,7386
77714,7387
77718,7388
77734,7389
77739,7390
77754,7391
77768,7392
77774,7393
77776,7394
77794,7395
77808,7396
77822,7397
77838,7398
77851,7399
77859,7400
77868,7401
77870,7402
77886,7403
77904,7404
77907,7405
77915,7406
77929,7407
77937,7408
77943,7409
77952,7410
77961,7411
77970,7412
77971,7413
77980,7414
77985,7415
77988,7416
78001,7417
78011,7418
78024,7419
78039,7420
78056,7421
78066,7422
78081,7423
78101,7424
78102,7425
78120,7426
78121,7427
78136,7428
78154,7429
78174,7430
78188,7431
78198,7432
78215,7433
78229,7434
78236,7435
78242,7436
78247,7437
78264,7438
78276,7439
78293,7440
78309,7441
78310,7442
78318,7443
78322,7444
78342,7445
78348,7446
78362,7447
78366,7448
78383,7449
78387,7450
78400,7451
78412,7452
78413,7453
78416,7454
78419,7455
78431,7456
78443,7457
78453,7458
78457,7459
78472,7460
78482,7461
78494,7462
78499,7463
78513,7464
78528,7465
78532,7466
78550,7467
78555,7468
78568,7469
78585,7470
78593,7471
78611,7472
78622,7473
78642,7474
78653,7475
78665,7476
78668,7477
78672,7478
78684,7479
78704,7480
78717,7481
78736,7482
78749,7483
78752,7484
78759,7485
78776,7486
78782,7487
78791,7488
78797,7489
78814,7490
78833,7491
78843,7492
78855,7493
78860,7494
78871,7495
78886,7496
78906,7497
78914,7498
78927,7499
78945,7500
78948,7501
78949,7502
78959,7503
78971,7504
78985,7505
79001,7506
79009,7507
79011,7508
79023,7509
79031,7510
79032,7511
79050,7512
79065,7513
79073,7514
79079,7515
79085,7516
79100,7517
79109,7518
79124,7519
79139,7520
79147,7521
79150,7522
79162,7523
79181,7524
79197,7525
79201,7526
79206,7527
79207,7528
79224,7529
79226,7530
79239,7531
79253,7532
79271,7533
79291,7534
79299,7535
79304,7536
79323,7537
79343,7538
79346,7539
79357,7540
79377,7541
79387,7542
79388,7543
79392,7544
79411,7545
79420,7546
79432,7547
79443,7548
79454,7549
79471,7550
79481,7551
79493,7552
79504,7553
79514,7554
79533,7555
79537,7556
79540,7557
79559,7558
79575,7559
79590,7560
79607,7561
79612,7562
79629,7563
79638,7564
79642,7565
79656,7566
79659,7567
79672,7568
79680,7569
79681,7570
79686,7571
79694,7572
79697,7573
79712,7574
79720,7575
79735,7576
79739,7577
79743,7578
79749,7579
79762,7580
79774,7581
79782,7582
79790,7583
79794,7584
79798,7585
79805,7586
79813,7587
79816,7588
79836,7589
79844,7590
79859,7591
79861,7592
79877,7593
79879,7594
79898,7595
79909,7596
79924,7597
79936,7598
79938,7599
79944,7600
79957,7601
79960,7602
79979,7603
79999,7604
80019,7605
80029,7606
80045,7607
80063,7608
80073,7609
80083,7610
80090,7611
80107,7612
80109,7613
80122,7614
80142,7615
80145,7616
80151,7617
80156,7618
80165,7619
80179,7620
80184,7621
80192,7622
80196,7623
80210,7624
80215,7625
80225,7626
80241,7627
80246,7628
80250,7629
80255,7630
80273,7631
80285,7632
80291,7633
80311,7634
80323,7635
80341,7636
80353,7637
80359,7638
80370,7639
80375,7640
80379,7641
80389,7642
80396,7643
80399,7644
80403,7645
80406,7646
80420,7647
80439,7648
80452,7649
80465,7650
80473,7651
80487,7652
80492,7653
80506,7654
80507,7655
80520,7656
80528,7657
80540,7658
80547,7659
80556,7660
80576,7661
80588,7662
80608,7663
80626,7664
80643,7665
80657,7666
80675,7667
80689,7668
80692,7669
80695,7670
80696,7671
80712,7672
80730,7673
80735,7674
80752,7675
80766,7676
80784,7677
80795,7678
80809,7679
80817,7680
80832,7681
80835,7682
80848,7683
80852,7684
80853,7685
80867,7686
80874,7687
80889,7688
80899,7689
80912,7690
80918,7691
80937,7692
80951,7693
80962,7694
80977,7695
80995,7696
81009,7697
81029,7698
81044,7699
81048,7700
81060,7701
81065,7702
81074,7703
81077,7704
81078,7705
81088,7706
81094,7707
81100,7708
81112,7709
81113,7710
81127,7711
81139,7712
81152,7713
81164,7714
81179,7715
81197,7716
81204,7717
81210,7718
81220,7719
81236,7720
81252,7721
81254,7722
81268,7723
81275,7724
81283,7725
81294,7726
81296,7727
81316,7728
81319,7729
81321,7730
81330,7731
81333,7732
81350,7733
81356,7734
81372,7735
81376,7736
81383,7737
81391,7738
81406,7739
81410,7740
81424,7741
81439,7742
81453,7743
81456,7744
81459,7745
81469,7746
81473,7747
81478,7748
81485,7749
81486,7750
81491,7751
81493,7752
81505,7753
81511,7754
81516,7755
81517,7756
81530,7757
81541,7758
81559,7759
81565,7760
81583,7761
81591,7762
81608,7763
81618,7764
81635,7765
81638,7766
81640,7767
81658,7768
81674,7769
81689,7770
81701,7771
81713,7772
81725,7773
81738,7774
81754,7775
81770,7776
81786,7777
81793,7778
81810,7779
81823,7780
81824,7781
81841,7782
81849,7783
81864,7784
81877,7785
81888,7786
81905,7787
81916,7788
81924,7789
81929,7790
81934,7791
81953,7792
81970,7793
81982,7794
81997,7795
82003,7796
82023,7797
82034,7798
82042,7799
82053,7800
82072,7801
82083,7802
82098,7803
82102,7804
82117,7805
82137,7806
82140,7807
82141,7808
82160,7809
82163,7810
82174,7811
82189,7812
82204,7813
82214,7814
82234,7815
82249,7816
82256,7817
82269,7818
82273,7819
82281,7820
82299,7821
82312,7822
82325,7823
82330,7824
82347,7825
82354,7826
82371,7827
82388,7828
82408,7829
82422,7830
82423,7831
82440,7832
82454,7833
82474,7834
82487,7835
82505,7836
82513,7837
82533,7838
82534,7839
82538,7840
82540,7841
82559,7842
82575,7843
82581,7844
82599,7845
82617,7846
82620,7847
82626,7848
82645,7849
82659,7850
82668,7851
82683,7852
82693,7853
82707,7854
82711,7855
82722,7856
82741,7857
82753,7858
82760,7859
82774,7860
82783,7861
82788,7862
82805,7863
82807,7864
82813,7865
82828,7866
82831,7867
82842,7868
82861,7869
82877,7870
82893,7871
82898,7872
82903,7873
82906,7874
82907,7875
82924,7876
82929,7877
82930,7878
82934,7879
82943,7880
82957,7881
82969,7882
82979,7883
82981,7884
83000,7885
83015,7886
83024,7887
83043,7888
83059,7889
83065,7890
83085,7891
83105,7892
83125,7893
83145,7894
83146,7895
83154,7896
83157,7897
83163,7898
83173,7899
83193,7900
83211,7901
83229,7902
83245,7903
83260,7904
83262,7905
83266,7906
83268,7907
83273,7908
83292,7909
83293,7910
83300,7911
83314,7912
83332,7913
83334,7914
83335,7915
83350,7916
83368,7917
83377,7918
83390,7919
83401,7920
83421,7921
83428,7922
83441,7923
83448,7924
83457,7925
83475,7926
83483,7927
83484,7928
83501,7929
83509,7930
83516,7931
83528,7932
83545,7933
83554,7934
83566,7935
83571,7936
83583,7937
83591,7938
83604,7939
83617,7940
83629,7941
83643,7942
83659,7943
83665,7944
83675,7945
83695,7946
83714,7947
83731,7948
83748,7949
83749,7950
83766,7951
83783,7952
83800,7953
83811,7954
83815,7955
83834,7956
83837,7957
83845,7958
83857,7959
83859,7960
83863,7961
83866,7962
83883,7963
83892,7964
83905,7965
83917,7966
83925,7967
83945,7968
83957,7969
83971,7970
83984,7971
83997,7972
84001,7973
84021,7974
84032,7975
84039,7976
84053,7977
84061,7978
84068,7979
84082,7980
84101,7981
84112,7982
84118,7983
84124,7984
84133,7985
84145,7986
84147,7987
84158,7988
84172,7989
84183,7990
84189,7991
84207,7992
84222,7993
84241,7994
84253,7995
84266,7996
84278,7997
84282,7998
84297,7999
